host	site1	site2	site3	site4	site5	site6	site7	site8	site9	site10	site11	site12	site13	site14	site15	site16	site17	site18	site19	site20	site21	site22	site23	site24	site25	site26	site27	site28	site29	site30	site31	site32	site33	site34	site35	site36	site37	site38	site39	site40	site41	site42	site43	site44	site45	site46	site47	site48	site49	site50	site51	site52	site53	site54	site55	site56	site57	site58	site59	site60	site61	site62	site63	site64	site65	site66	site67	site68	site69	site70	site71	site72	site73	site74	site75	site76	site77	site78	site79	site80	site81	site82	site83	site84	site85	site86	site87	site88	site89	site90	site91	site92	site93	site94	site95	site96
21657	0	0	0	0	0	0	0	0	0	0	0	0	0	0	0	0	0	0	0	0	0	0	111	0	0	0	0	0	0	0	0	0	0	0	0	0	0	0	0	0	0	0	0	0	0	110	0	0	110	0	96	0	0	0	0	0	0	0	0	0	0	0	0	0	0	0	0	0	0	0	0	0	129	0	0	0	0	0	0	0	0	0	0	0	0	114	0	113	0	0	105	0	0	0	0	0
23508	0	0	0	0	0	0	103	0	0	0	0	101	0	0	0	0	0	0	0	0	0	0	125	117	0	0	0	0	114	0	0	0	0	0	0	0	0	0	0	0	0	0	0	0	0	115	0	0	123	0	111	0	0	0	119	0	0	0	0	0	0	0	0	0	0	0	0	0	0	0	0	0	109	0	0	0	0	0	0	0	0	0	0	0	0	111	0	118	0	0	0	0	0	0	0	0
24487	0	0	0	0	0	0	0	0	0	0	0	0	0	0	0	0	0	0	0	0	0	0	111	0	0	0	0	0	0	0	0	0	0	0	0	0	0	0	0	0	0	0	0	0	0	110	0	0	108	0	96	0	0	0	0	0	0	0	0	0	0	0	0	0	0	0	0	0	0	0	0	0	119	0	0	0	0	0	0	0	0	0	0	0	0	95	0	111	0	0	108	0	0	0	0	0
25225	0	0	117	0	0	0	124	0	107	0	0	108	0	0	0	111	106	108	0	99	0	103	0	0	108	0	0	0	0	0	0	0	106	115	0	0	115	0	0	119	122	0	0	0	0	0	0	129	0	105	0	117	111	0	117	109	0	0	120	120	126	106	0	95	143	119	0	0	0	115	0	0	0	0	0	0	118	0	107	101	0	112	0	0	0	0	0	0	0	118	0	0	0	105	0	0
26120	0	0	0	0	0	0	0	0	0	0	0	0	125	0	114	0	0	0	0	0	0	0	0	0	0	0	0	0	0	102	96	0	0	0	0	0	0	0	0	0	0	0	0	0	0	0	0	0	0	0	0	0	0	0	0	0	0	0	0	0	0	0	0	0	0	0	102	0	0	0	0	0	0	0	0	0	0	0	0	0	0	0	0	0	0	0	0	0	0	0	113	0	0	0	0	0
27381	0	0	0	0	0	118	123	115	115	0	0	0	100	0	0	0	0	0	132	139	0	0	0	0	104	107	0	0	110	118	0	0	0	95	0	0	86	0	0	0	0	0	0	127	0	91	117	0	0	0	110	0	0	144	106	0	0	117	0	0	0	0	140	0	0	0	113	109	0	109	0	0	122	0	0	108	0	0	0	0	123	0	107	123	125	0	120	0	0	0	0	104	0	118	103	0
28727	0	0	0	0	0	0	0	0	0	0	0	0	0	0	0	0	0	0	0	0	0	0	123	0	0	0	0	0	0	0	0	0	0	0	0	0	0	0	0	0	0	0	0	0	0	124	0	0	112	0	132	0	0	0	0	0	0	0	0	0	0	0	0	0	0	0	0	0	0	0	0	0	109	0	0	0	0	0	0	0	0	0	0	0	0	114	0	112	0	0	112	0	0	0	0	0
30140	0	0	0	0	0	121	0	0	0	0	0	0	112	0	136	0	0	0	111	0	0	0	0	0	0	0	0	0	99	116	0	0	0	124	0	0	0	0	0	0	0	0	0	0	0	0	118	0	0	0	0	0	0	0	0	0	0	119	0	0	0	0	0	0	0	0	117	117	0	0	0	0	0	0	0	127	0	0	0	0	109	0	0	0	121	0	117	128	0	0	110	0	0	0	111	0
30771	0	0	0	0	0	0	0	0	0	0	0	0	0	0	0	0	0	0	0	0	0	0	111	0	0	0	0	0	0	0	0	0	0	0	0	0	0	0	0	0	0	0	0	0	0	106	0	0	124	0	113	0	0	0	0	0	0	0	0	0	0	0	0	0	0	0	0	0	0	0	0	0	117	0	0	0	0	0	0	0	0	0	0	0	0	100	0	90	0	0	109	0	0	0	0	0
31272	0	0	0	0	0	0	0	0	0	0	0	0	103	0	105	0	0	0	0	0	0	0	0	0	0	0	0	0	94	0	0	0	0	0	0	0	0	0	0	0	0	0	0	0	0	109	0	0	110	0	118	0	0	0	124	0	0	0	0	0	0	0	0	0	0	0	124	0	0	0	0	0	0	0	0	0	0	0	0	0	0	0	0	0	0	0	0	0	0	0	0	0	0	0	0	0
31835	0	0	0	0	0	102	0	0	0	0	0	0	0	0	100	0	0	0	109	0	0	0	0	0	0	124	0	0	122	109	0	0	0	120	0	0	114	0	0	0	0	0	0	0	0	103	106	0	0	0	0	0	0	0	0	0	0	127	0	0	0	0	112	0	0	0	0	99	0	0	0	0	120	0	0	112	0	0	0	0	108	0	0	0	104	0	88	110	0	121	0	130	0	128	117	0
33166	0	0	0	0	0	118	0	0	0	0	0	0	0	0	103	0	0	0	101	0	0	0	0	0	0	113	0	0	119	105	0	0	0	139	0	0	121	0	0	0	0	0	0	0	0	117	122	0	0	0	0	0	0	0	0	0	0	112	0	0	0	0	102	0	0	0	0	125	0	0	0	0	122	0	0	120	0	0	0	0	124	0	0	0	131	0	120	126	0	127	0	128	0	109	110	0
33715	0	0	0	0	0	0	0	0	0	0	0	0	127	0	136	0	0	0	0	0	0	0	0	0	0	0	0	0	0	110	0	0	0	0	0	0	0	0	0	0	0	0	0	0	0	0	0	0	0	0	0	0	0	0	0	0	0	0	0	0	0	0	0	0	0	0	105	0	0	0	0	0	0	0	0	0	0	0	0	0	0	0	0	0	0	0	0	0	0	0	112	0	0	0	0	0
34050	0	0	0	0	0	0	116	0	0	0	0	110	0	0	0	0	0	0	0	0	0	0	116	106	0	0	0	0	111	0	0	0	0	0	0	0	0	0	0	0	0	0	0	0	0	116	0	0	120	0	115	0	0	0	111	0	0	0	0	0	0	0	0	0	0	0	0	0	0	0	0	0	91	0	0	0	0	0	0	0	0	0	0	0	0	97	0	109	0	0	0	0	0	0	0	0
34142	0	0	0	0	0	0	0	0	0	0	0	56	0	0	0	0	0	0	0	0	0	0	43	0	0	0	0	0	0	0	0	0	0	0	0	0	0	0	0	0	0	0	0	0	0	60	0	0	105	0	57	0	0	0	0	0	0	0	0	0	0	0	0	0	0	0	0	0	0	0	0	0	53	0	0	0	0	0	0	0	0	0	0	0	48	55	0	117	0	0	32	0	0	0	0	0
34896	0	0	0	0	0	0	0	0	0	0	0	0	130	0	122	0	0	0	0	0	0	0	0	0	0	0	0	0	0	130	0	0	0	0	0	0	0	0	0	0	0	0	0	0	0	0	0	0	0	0	0	0	0	0	0	0	0	0	0	0	0	0	0	0	0	0	135	0	0	0	0	0	0	0	0	0	0	0	0	0	0	0	0	0	0	0	0	0	0	0	126	0	0	0	0	0
34898	0	0	0	0	0	0	0	0	0	0	0	0	0	0	0	0	0	0	0	0	0	0	106	0	0	0	0	0	0	0	0	0	0	0	0	0	0	0	0	0	0	0	0	0	0	116	0	0	114	0	133	0	0	0	0	0	0	0	0	0	0	0	0	0	0	0	0	0	0	0	0	0	110	0	0	0	0	0	0	0	0	0	0	0	0	118	0	99	0	0	118	0	0	0	0	0
34978	0	0	0	0	0	0	0	0	0	0	0	0	122	0	132	0	0	0	0	0	0	0	0	0	0	0	0	0	0	109	0	0	0	0	0	0	0	0	0	0	0	0	0	0	0	0	0	0	0	0	0	0	0	0	0	0	0	0	0	0	0	0	0	0	0	0	104	0	0	0	0	0	0	0	0	0	0	0	0	0	0	0	0	0	0	0	0	0	0	0	106	0	0	0	0	0
35201	0	0	0	0	0	0	0	0	0	0	0	0	108	0	108	0	0	0	0	0	0	0	0	0	0	0	0	0	113	0	0	0	0	0	0	0	0	0	0	0	0	0	0	0	0	134	0	0	111	0	114	0	0	0	101	0	0	0	0	0	0	0	0	0	0	0	116	0	0	0	0	0	0	0	0	0	0	0	0	0	0	0	0	0	0	0	0	0	0	0	0	0	0	0	0	0
35628	0	0	0	0	0	0	56	0	0	0	0	49	63	0	47	0	0	0	0	0	0	0	46	49	0	0	0	0	118	0	0	0	0	0	0	0	0	0	0	0	0	0	0	0	0	113	0	0	120	0	107	0	0	0	98	0	0	0	0	0	0	0	0	0	0	0	62	0	0	0	0	0	59	0	0	0	0	0	0	0	0	0	0	0	0	52	0	58	0	0	0	0	0	0	0	0
36046	0	0	0	0	0	0	0	0	0	0	0	0	106	0	112	0	0	0	0	0	0	0	0	0	0	0	0	0	129	0	0	0	0	0	0	0	0	0	0	0	0	0	0	0	0	93	0	0	109	0	121	0	0	0	105	0	0	0	0	0	0	0	0	0	0	0	107	0	0	0	0	0	0	0	0	0	0	0	0	0	0	0	0	0	0	0	0	0	0	0	0	0	0	0	0	0
36785	0	0	0	0	0	0	0	0	0	0	0	0	131	0	120	0	0	0	0	0	0	0	0	0	0	0	0	0	0	103	0	0	0	0	0	0	0	0	0	0	0	0	0	0	0	0	0	0	0	0	0	0	0	0	0	0	0	0	0	0	0	0	0	0	0	0	127	0	0	0	0	0	0	0	0	0	0	0	0	0	0	0	0	0	0	0	0	0	0	0	114	0	0	0	0	0
37055	0	0	0	0	0	105	0	0	0	0	0	0	0	0	113	0	0	0	118	0	0	0	0	0	0	124	0	0	106	111	0	0	0	113	0	0	104	0	0	0	0	0	0	0	0	103	124	0	0	0	0	0	0	0	0	0	0	112	0	0	0	0	97	0	0	0	0	100	0	0	0	0	109	0	0	120	0	0	0	0	117	0	0	0	116	0	110	132	0	103	0	108	0	111	114	0
37851	0	0	0	0	0	0	0	0	0	0	0	0	104	0	110	0	0	0	0	0	0	0	0	0	0	0	0	0	0	123	0	0	0	0	0	0	0	0	0	0	0	0	0	0	0	0	0	0	0	0	0	0	0	0	0	0	0	0	0	0	0	0	0	0	0	0	100	0	0	0	0	0	0	0	0	0	0	0	0	0	0	0	0	0	0	0	0	0	0	0	119	0	0	0	0	0
37965	0	101	0	0	0	0	95	0	0	0	0	0	0	0	110	0	0	0	0	0	0	101	104	113	0	0	0	132	110	110	113	0	0	0	0	0	0	0	0	0	0	0	0	0	0	116	116	0	0	0	127	0	0	0	0	0	0	0	0	0	0	111	0	0	0	0	0	0	123	0	0	0	118	0	0	0	0	0	0	0	0	0	0	0	0	0	0	0	0	0	0	0	0	0	0	0
38005	0	0	0	0	0	0	0	0	0	0	0	0	114	0	106	0	0	0	0	0	0	0	0	0	0	0	0	0	0	113	0	0	0	0	0	0	0	0	0	0	0	0	0	0	0	0	0	0	0	0	0	0	0	0	0	0	0	0	0	0	0	0	0	0	0	0	102	0	0	0	0	0	0	0	0	0	0	0	0	0	0	0	0	0	0	0	0	0	0	0	110	0	0	0	0	0
38615	0	0	0	0	0	0	0	0	0	0	0	0	102	0	99	0	0	0	0	0	0	0	0	0	0	0	0	0	115	0	0	0	0	0	0	0	0	0	0	0	0	0	0	0	0	132	0	0	123	0	115	0	0	0	125	0	0	0	0	0	0	0	0	0	0	0	125	0	0	0	0	0	0	0	0	0	0	0	0	0	0	0	0	0	0	0	0	0	0	0	0	0	0	0	0	0
38620	0	0	0	0	0	0	0	0	0	0	0	0	111	0	108	0	0	0	0	0	0	0	0	0	0	0	0	0	0	95	0	0	0	0	0	0	0	0	0	0	0	0	0	0	0	0	0	0	0	0	0	0	0	0	0	0	0	0	0	0	0	0	0	0	0	0	127	0	0	0	0	0	0	0	0	0	0	0	0	0	0	0	0	0	0	0	0	0	0	0	130	0	0	0	0	0
38710	0	0	0	0	0	0	0	0	0	0	0	0	114	0	111	0	0	0	0	0	0	0	0	0	0	0	0	0	0	110	0	0	0	0	0	0	0	0	0	0	0	0	0	0	0	0	0	0	0	0	0	0	0	0	0	0	0	0	0	0	0	0	0	0	0	0	110	0	0	0	0	0	0	0	0	0	0	0	0	0	0	0	0	0	0	0	0	0	0	0	108	0	0	0	0	0
38874	0	0	0	0	0	127	0	0	0	0	0	0	0	0	116	0	0	0	109	0	0	0	0	0	0	112	0	0	109	103	0	0	0	118	0	0	117	0	0	0	0	0	0	0	0	105	104	0	0	0	0	0	0	0	0	0	0	113	0	0	0	0	106	0	0	0	0	114	0	0	0	0	106	0	0	110	0	0	0	0	121	0	0	0	104	0	130	120	0	133	0	134	0	131	131	0
38878	0	0	0	0	0	125	0	0	0	0	0	0	0	0	121	0	0	0	118	0	0	0	0	0	0	108	0	0	131	127	0	0	0	109	0	0	125	0	0	0	0	0	0	0	0	121	120	0	0	0	0	0	0	0	0	0	0	119	0	0	0	0	105	0	0	0	0	104	0	0	0	0	120	0	0	121	0	0	0	0	112	0	0	0	112	0	106	111	0	118	0	117	0	126	98	0
39276	0	0	0	58	0	0	0	0	0	0	0	62	58	0	114	0	0	0	71	0	0	0	0	0	42	0	0	72	0	43	44	50	57	0	0	0	46	0	63	0	0	0	0	43	0	52	0	53	0	58	0	0	57	0	41	0	0	49	0	45	70	0	52	60	0	52	108	0	75	0	65	0	59	59	0	0	50	0	54	0	0	0	0	0	0	50	0	0	0	46	49	0	0	0	0	57
39570	0	0	0	0	0	0	0	0	0	0	0	0	0	0	0	0	0	0	0	0	0	0	113	0	0	0	0	0	0	0	0	0	0	0	0	0	0	0	0	0	0	0	0	0	0	105	0	0	125	0	115	0	0	0	0	0	0	0	0	0	0	0	0	0	0	0	0	0	0	0	0	0	101	0	0	0	0	0	0	0	0	0	0	0	0	97	0	112	0	0	106	0	0	0	0	0
40168	0	0	0	0	0	0	0	0	0	0	0	0	95	0	107	0	0	0	0	0	0	0	0	0	0	0	0	0	121	0	0	0	0	0	0	0	0	0	0	0	0	0	0	0	0	114	0	0	114	0	128	0	0	0	117	0	0	0	0	0	0	0	0	0	0	0	104	0	0	0	0	0	0	0	0	0	0	0	0	0	0	0	0	0	0	0	0	0	0	0	0	0	0	0	0	0
40214	0	0	0	0	0	0	0	0	0	0	0	0	115	0	119	0	0	0	0	0	0	0	0	0	0	0	0	0	0	129	0	0	0	0	0	0	0	0	0	0	0	0	0	0	0	0	0	0	0	0	0	0	0	0	0	0	0	0	0	0	0	0	0	0	0	0	117	0	0	0	0	0	0	0	0	0	0	0	0	0	0	0	0	0	0	0	0	0	0	0	95	0	0	0	0	0
40258	0	0	0	0	0	96	0	0	0	0	0	0	0	0	100	0	0	0	116	0	0	0	0	0	0	93	0	0	103	118	0	0	0	120	0	0	110	0	0	0	0	0	0	0	0	123	109	0	0	0	0	0	0	0	0	0	0	106	0	0	0	0	107	0	0	0	0	117	0	0	0	0	114	0	0	99	0	0	0	0	100	0	0	0	109	0	106	119	0	101	0	116	0	114	110	0
40439	0	0	0	0	0	64	0	0	0	0	0	0	70	0	65	0	0	0	55	0	0	0	69	0	0	0	0	0	64	50	0	0	0	67	0	0	0	0	0	0	0	0	0	0	0	39	58	0	66	0	58	0	0	0	0	0	0	61	0	0	0	0	0	0	0	0	70	47	0	0	0	0	64	0	0	57	0	0	0	0	63	0	0	0	54	55	42	110	0	0	107	0	0	0	43	0
40767	0	0	0	0	0	117	0	0	0	0	0	0	0	0	111	0	0	0	101	0	0	0	0	0	0	112	0	0	100	104	0	0	0	130	0	0	133	0	0	0	0	0	0	0	0	112	104	0	0	0	0	0	0	0	0	0	0	102	0	0	0	0	98	0	0	0	0	110	0	0	0	0	114	0	0	115	0	0	0	0	121	0	0	0	132	0	107	102	0	100	0	112	0	109	120	0
40947	0	0	0	0	0	0	0	0	0	0	0	0	117	0	132	0	0	0	0	0	0	0	0	0	0	0	0	0	0	111	0	0	0	0	0	0	0	0	0	0	0	0	0	0	0	0	0	0	0	0	0	0	0	0	0	0	0	0	0	0	0	0	0	0	0	0	107	0	0	0	0	0	0	0	0	0	0	0	0	0	0	0	0	0	0	0	0	0	0	0	105	0	0	0	0	0
41217	0	0	0	0	0	88	0	0	0	0	0	0	127	0	106	0	0	0	124	0	0	0	0	0	0	0	0	0	130	113	0	0	0	102	0	0	0	0	0	0	0	0	0	0	0	0	113	0	0	0	0	0	0	0	0	0	0	116	0	0	0	0	0	0	0	0	126	114	0	0	0	0	0	0	0	107	0	0	0	0	118	0	0	0	110	0	99	109	0	0	106	0	0	0	109	0
41339	0	0	0	0	0	0	0	0	0	0	0	0	99	0	109	0	0	0	0	0	0	0	0	0	0	0	0	0	0	111	0	0	0	0	0	0	0	0	0	0	0	0	0	0	0	0	0	0	0	0	0	0	0	0	0	0	0	0	0	0	0	0	0	0	0	0	122	0	0	0	0	0	0	0	0	0	0	0	0	0	0	0	0	0	0	0	0	0	0	0	122	0	0	0	0	0
41492	0	0	0	0	0	0	0	0	0	0	0	0	0	0	0	0	0	0	0	0	0	0	108	0	0	0	0	0	0	0	0	0	0	0	0	0	0	0	0	0	0	0	0	0	0	126	0	0	112	0	135	0	0	0	0	0	0	0	0	0	0	0	0	0	0	0	0	0	0	0	0	0	115	0	0	0	0	0	0	0	0	0	0	0	0	103	0	127	0	0	119	0	0	0	0	0
41582	0	0	0	0	0	0	0	0	0	0	0	36	48	0	77	0	0	0	32	35	38	45	0	0	23	0	0	45	82	43	73	0	40	0	0	0	34	0	76	0	0	0	0	19	0	72	0	0	50	28	78	26	40	0	95	0	0	34	0	94	33	0	30	29	0	44	97	0	81	40	53	0	0	52	0	0	42	0	50	0	0	30	0	0	43	0	0	41	0	44	45	0	0	0	0	31
41736	0	0	0	0	0	0	0	0	0	0	0	0	109	0	113	0	0	0	0	0	0	0	0	0	0	0	0	0	103	0	0	0	0	0	0	0	0	0	0	0	0	0	0	0	0	112	0	0	123	0	114	0	0	0	111	0	0	0	0	0	0	0	0	0	0	0	119	0	0	0	0	0	0	0	0	0	0	0	0	0	0	0	0	0	0	0	0	0	0	0	0	0	0	0	0	0
41924	0	0	0	0	0	0	0	0	0	0	0	0	117	0	116	0	0	0	0	0	0	0	0	0	0	0	0	0	98	0	0	0	0	0	0	0	0	0	0	0	0	0	0	0	0	101	0	0	98	0	113	0	0	0	130	0	0	0	0	0	0	0	0	0	0	0	127	0	0	0	0	0	0	0	0	0	0	0	0	0	0	0	0	0	0	0	0	0	0	0	0	0	0	0	0	0
42209	0	0	0	0	0	0	0	0	0	0	0	0	0	0	119	0	0	0	121	115	118	0	0	0	127	0	0	117	0	0	125	0	104	0	0	0	133	0	109	0	0	0	0	101	0	119	0	0	0	120	0	98	99	0	118	0	0	136	0	103	110	0	110	121	0	121	117	0	105	0	103	0	0	102	0	0	120	0	120	0	0	0	0	0	0	0	0	0	0	0	0	0	0	0	0	97
42371	0	0	0	0	0	0	0	0	0	0	0	0	114	0	113	0	0	0	0	0	0	0	0	0	0	0	0	0	115	0	0	0	0	0	0	0	0	0	0	0	0	0	0	0	0	106	0	0	114	0	100	0	0	0	125	0	0	0	0	0	0	0	0	0	0	0	109	0	0	0	0	0	0	0	0	0	0	0	0	0	0	0	0	0	0	0	0	0	0	0	0	0	0	0	0	0
42374	0	0	0	0	0	0	119	0	0	0	0	116	0	0	0	0	0	0	0	0	0	0	106	103	0	0	0	0	116	0	0	0	0	0	0	0	0	0	0	0	0	0	0	0	0	115	0	0	125	0	119	0	0	0	118	0	0	0	0	0	0	0	0	0	0	0	0	0	0	0	0	0	91	0	0	0	0	0	0	0	0	0	0	0	0	121	0	112	0	0	0	0	0	0	0	0
42405	0	0	0	0	0	0	0	0	0	0	0	0	123	0	103	0	0	0	0	0	0	0	0	0	0	0	0	0	0	128	0	0	0	0	0	0	0	0	0	0	0	0	0	0	0	0	0	0	0	0	0	0	0	0	0	0	0	0	0	0	0	0	0	0	0	0	102	0	0	0	0	0	0	0	0	0	0	0	0	0	0	0	0	0	0	0	0	0	0	0	127	0	0	0	0	0
42549	0	0	0	0	0	0	0	0	0	0	0	0	88	0	69	0	0	0	0	0	0	0	24	0	0	0	0	0	67	33	0	0	0	0	0	0	0	0	0	0	0	0	0	0	0	87	0	0	79	0	80	0	0	0	60	0	0	0	0	0	0	0	0	0	0	0	83	0	0	0	0	0	43	0	0	0	0	0	0	0	0	0	0	0	0	29	0	29	0	0	54	0	0	0	0	0
42649	0	0	0	0	0	0	0	0	116	0	0	0	0	0	119	0	0	0	107	0	0	0	0	0	119	0	0	115	0	0	123	119	0	0	0	0	99	0	135	0	0	0	0	116	0	123	0	125	0	109	0	0	119	0	121	0	0	122	0	114	119	0	116	109	0	138	123	0	114	126	120	0	126	0	108	0	110	0	117	0	0	0	0	0	0	122	0	0	0	115	0	0	0	0	0	125
42688	0	0	0	0	0	0	0	0	0	0	0	0	42	0	25	0	0	0	0	0	0	0	83	0	0	0	0	0	0	42	0	0	0	0	0	0	0	0	0	0	0	0	0	0	0	79	0	0	84	0	71	0	0	0	0	0	0	0	0	0	0	0	0	0	0	0	49	0	0	0	0	0	77	0	0	0	0	0	0	0	0	0	0	0	0	66	0	77	0	0	116	0	0	0	0	0
42794	0	0	0	0	0	0	0	0	0	0	0	0	126	0	111	0	0	0	0	0	0	0	0	0	0	0	0	0	120	0	0	0	0	0	0	0	0	0	0	0	0	0	0	0	0	123	0	0	95	0	110	0	0	0	106	0	0	0	0	0	0	0	0	0	0	0	144	0	0	0	0	0	0	0	0	0	0	0	0	0	0	0	0	0	0	0	0	0	0	0	0	0	0	0	0	0
42795	0	0	0	0	0	0	0	0	0	0	0	0	0	0	0	0	0	0	0	0	0	0	99	0	0	0	0	0	0	0	0	0	0	0	0	0	0	0	0	0	0	0	0	0	0	113	0	0	111	0	145	0	0	0	0	0	0	0	0	0	0	0	0	0	0	0	0	0	0	0	0	0	114	0	0	0	0	0	0	0	0	0	0	0	0	123	0	117	0	0	121	0	0	0	0	0
42955	0	0	0	0	0	0	38	0	0	0	0	68	0	0	0	0	0	0	0	0	0	0	112	62	0	0	0	0	48	0	0	0	0	0	0	0	0	0	0	0	0	0	0	0	0	130	0	0	100	0	116	0	0	0	56	0	0	0	0	0	0	0	0	0	0	0	0	0	0	0	0	0	108	0	0	0	0	0	0	0	0	0	0	0	0	110	0	111	0	0	47	0	0	0	0	0
42997	0	0	0	0	0	0	0	0	0	0	0	0	117	0	99	0	0	0	0	0	0	0	0	0	0	0	0	0	129	0	0	0	0	0	0	0	0	0	0	0	0	0	0	0	0	117	0	0	117	0	107	0	0	0	115	0	0	0	0	0	0	0	0	0	0	0	119	0	0	0	0	0	0	0	0	0	0	0	0	0	0	0	0	0	0	0	0	0	0	0	0	0	0	0	0	0
43061	0	0	0	0	0	0	124	0	0	0	0	112	0	0	0	0	0	0	0	0	0	0	128	111	0	0	0	0	124	0	0	0	0	0	0	0	0	0	0	0	0	0	0	0	0	119	0	0	111	0	117	0	0	0	122	0	0	0	0	0	0	0	0	0	0	0	0	0	0	0	0	0	122	0	0	0	0	0	0	0	0	0	0	0	0	112	0	119	0	0	0	0	0	0	0	0
43241	0	0	0	0	0	0	0	0	0	0	0	0	98	0	125	0	0	0	0	0	0	0	0	0	0	0	0	0	0	99	0	0	0	0	0	0	0	0	0	0	0	0	0	0	0	0	0	0	0	0	0	0	0	0	0	0	0	0	0	0	0	0	0	0	0	0	90	0	0	0	0	0	0	0	0	0	0	0	0	0	0	0	0	0	0	0	0	0	0	0	113	0	0	0	0	0
43528	0	0	0	0	0	54	0	0	0	0	0	0	119	0	112	0	0	0	0	0	0	0	68	0	0	0	0	67	0	115	0	0	0	0	0	0	0	0	73	0	0	0	0	0	0	0	0	0	0	0	0	0	0	0	0	0	0	0	0	66	0	0	0	0	0	0	106	0	0	70	0	0	0	0	0	0	0	0	0	0	0	0	0	0	0	0	0	0	0	0	120	0	0	0	0	0
43544	0	0	0	0	0	0	0	0	0	0	0	0	0	0	0	0	0	0	0	0	0	0	139	0	0	0	0	0	0	0	0	0	0	0	0	0	0	0	0	0	0	0	0	0	0	131	0	0	120	0	127	0	0	0	0	0	0	0	0	0	0	0	0	0	0	0	0	0	0	0	0	0	104	0	0	0	0	0	0	0	0	0	0	0	0	127	0	102	0	0	111	0	0	0	0	0
43554	0	0	0	0	0	0	0	0	0	0	0	0	115	0	105	0	0	0	0	0	0	0	0	0	0	0	0	0	0	119	0	0	0	0	0	0	0	0	0	0	0	0	0	0	0	0	0	0	0	0	0	0	0	0	0	0	0	0	0	0	0	0	0	0	0	0	114	0	0	0	0	0	0	0	0	0	0	0	0	0	0	0	0	0	0	0	0	0	0	0	133	0	0	0	0	0
43642	0	0	0	0	0	0	0	0	0	0	0	0	0	0	0	0	0	0	0	0	0	0	110	0	0	0	0	0	0	0	0	0	0	0	0	0	0	0	0	0	0	0	0	0	0	106	0	0	108	0	93	0	0	0	0	0	0	0	0	0	0	0	0	0	0	0	0	0	0	0	0	0	121	0	0	0	0	0	0	0	0	0	0	0	0	128	0	110	0	0	102	0	0	0	0	0
43649	127	126	0	0	0	0	0	0	0	0	0	0	0	0	120	0	0	0	131	99	0	0	0	135	103	0	94	110	134	0	102	116	104	0	0	0	86	0	0	129	0	0	0	125	110	0	0	0	0	118	0	0	0	0	119	0	0	112	0	120	119	119	0	0	0	126	100	0	106	115	98	126	106	113	99	0	102	0	127	127	0	0	0	0	0	107	125	0	0	118	0	0	0	0	0	0
43783	0	0	0	0	0	0	0	0	0	0	0	0	121	0	122	0	0	0	0	0	0	0	0	0	0	0	0	0	109	0	0	0	0	0	0	0	0	0	0	0	0	0	0	0	0	110	0	0	117	0	123	0	0	0	132	0	0	0	0	0	0	0	0	0	0	0	111	0	0	0	0	0	0	0	0	0	0	0	0	0	0	0	0	0	0	0	0	0	0	0	0	0	0	0	0	0
43829	0	0	0	105	0	0	0	0	0	0	0	109	0	0	109	0	0	0	138	0	0	0	0	0	126	0	0	126	0	0	105	96	106	0	0	0	101	0	126	0	0	0	0	103	0	130	0	103	0	125	0	0	109	0	104	0	0	123	0	102	125	0	107	96	0	113	97	0	110	0	131	0	115	142	0	0	128	0	109	0	0	0	0	0	0	100	0	0	0	115	0	0	0	0	0	122
43830	0	0	0	0	0	0	0	0	0	0	0	0	106	0	87	0	0	0	0	0	0	0	0	0	0	0	0	0	0	117	0	0	0	0	0	0	0	0	0	0	0	0	0	0	0	0	0	0	0	0	0	0	0	0	0	0	0	0	0	0	0	0	0	0	0	0	103	0	0	0	0	0	0	0	0	0	0	0	0	0	0	0	0	0	0	0	0	0	0	0	121	0	0	0	0	0
43850	0	0	0	0	0	123	0	0	0	0	0	0	107	0	109	0	0	0	0	0	0	0	126	104	0	0	0	0	105	114	0	0	0	0	0	0	0	0	0	0	0	0	0	0	0	0	0	0	0	0	0	0	0	0	0	0	0	0	0	0	0	0	0	0	0	0	126	0	0	0	0	0	0	0	0	0	0	0	0	0	0	0	0	0	0	0	0	0	0	0	0	0	0	0	0	0
43893	0	0	122	0	0	112	0	0	0	0	118	0	0	110	0	111	118	130	0	108	0	127	0	0	118	0	113	0	0	0	108	0	0	109	128	119	130	96	114	129	93	0	0	98	127	0	118	0	101	117	0	104	122	0	0	0	0	111	107	112	0	0	0	0	100	119	0	0	0	119	0	109	115	0	0	0	125	107	0	114	119	0	0	0	0	112	0	0	95	116	0	0	115	0	99	0
43928	0	0	0	0	0	0	0	0	0	0	0	0	131	0	115	0	0	0	0	0	0	0	0	0	0	0	0	0	0	106	0	0	0	0	0	0	0	0	0	0	0	0	0	0	0	0	0	0	0	0	0	0	0	0	0	0	0	0	0	0	0	0	0	0	0	0	104	0	0	0	0	0	0	0	0	0	0	0	0	0	0	0	0	0	0	0	0	0	0	0	112	0	0	0	0	0
44135	0	0	0	0	0	0	0	0	0	0	0	101	0	0	115	0	0	0	116	0	0	0	0	0	121	0	0	113	0	0	101	82	125	0	0	0	103	0	142	0	0	0	0	133	0	122	0	0	0	100	0	0	127	0	105	0	0	110	0	108	125	0	115	119	0	117	111	0	106	0	91	0	109	109	0	0	101	0	103	0	0	0	0	0	0	120	0	0	0	0	0	0	0	0	0	130
44142	0	0	0	0	0	0	0	0	0	0	0	0	0	0	108	0	0	0	0	0	0	0	114	0	0	124	0	0	121	0	0	0	0	0	0	0	0	0	0	0	0	0	0	120	115	0	0	0	116	0	100	0	0	0	101	0	0	0	0	0	0	0	0	0	0	0	0	0	0	0	0	0	0	0	0	0	0	0	0	0	0	0	0	0	0	0	0	104	0	0	119	0	0	0	0	0
44484	0	0	0	0	0	0	0	0	0	0	0	0	0	0	0	0	0	0	0	0	0	0	102	0	0	0	0	0	0	0	0	0	0	0	0	0	0	0	0	0	0	0	0	0	0	131	0	0	112	0	113	0	0	0	0	0	0	0	0	0	0	0	0	0	0	0	0	0	0	0	0	0	120	0	0	0	0	0	0	0	0	0	0	0	0	94	0	124	0	0	116	0	0	0	0	0
44707	0	0	0	0	0	110	0	0	0	0	0	0	101	0	118	0	0	0	109	0	0	0	0	0	0	0	0	0	121	127	0	0	0	98	0	0	0	0	0	0	0	0	0	0	0	0	133	0	0	0	0	0	0	0	0	0	0	116	0	0	0	0	0	0	0	0	112	103	0	0	0	0	0	0	0	119	0	0	0	0	119	0	0	0	130	0	107	120	0	0	121	0	0	0	118	0
44736	0	63	0	0	0	0	59	0	0	0	0	0	52	0	112	0	0	0	0	0	0	60	45	69	0	0	0	48	117	54	41	0	0	0	0	0	0	0	0	0	0	0	0	0	0	128	63	0	59	0	116	0	0	0	63	0	0	0	0	0	0	55	0	0	0	0	57	0	66	0	0	0	48	0	0	0	0	0	0	0	0	0	0	0	0	0	0	0	0	0	0	0	0	0	0	0
44750	0	0	0	0	0	0	0	0	0	0	0	0	0	0	0	0	0	0	0	0	0	0	121	0	0	0	0	0	0	0	0	0	0	0	0	0	0	0	0	0	0	0	0	0	0	110	0	0	128	0	140	0	0	0	0	0	0	0	0	0	0	0	0	0	0	0	0	0	0	0	0	0	100	0	0	0	0	0	0	0	0	0	0	0	0	113	0	102	0	0	131	0	0	0	0	0
44951	0	0	0	0	0	119	0	0	0	0	0	0	0	0	134	0	0	0	109	0	0	0	0	0	0	110	0	0	103	101	0	0	0	115	0	0	87	0	0	0	0	0	0	0	0	114	126	0	0	0	0	0	0	0	0	0	0	120	0	0	0	0	117	0	0	0	0	110	0	0	0	0	103	0	0	131	0	0	0	0	125	0	0	0	117	0	104	104	0	123	0	111	0	115	126	0
44973	0	0	0	0	0	0	0	0	0	0	0	0	49	0	58	0	0	0	0	0	0	0	61	0	0	0	0	0	57	0	0	0	0	0	0	0	0	0	0	0	0	0	0	0	0	106	0	0	112	0	108	0	0	0	49	0	0	0	0	0	0	0	0	0	0	0	56	0	0	0	0	0	56	0	0	0	0	0	0	0	0	0	0	0	0	59	0	56	0	0	64	0	0	0	0	0
45166	56	0	53	0	0	49	50	0	46	78	51	62	0	0	0	47	58	0	0	49	0	54	65	0	55	0	0	0	0	0	41	0	55	61	0	0	48	53	0	57	55	0	0	81	0	68	0	72	52	69	47	66	58	0	47	47	0	0	59	49	0	55	0	53	61	59	0	0	0	44	0	0	57	0	0	0	59	0	49	58	0	0	0	0	0	62	0	56	0	59	49	0	0	0	56	0
45199	0	0	0	0	0	0	0	0	0	0	0	0	111	0	110	0	0	0	0	0	0	0	0	0	0	0	0	0	104	0	0	0	0	0	0	0	0	0	0	0	0	0	0	0	0	111	0	0	117	0	109	0	0	0	100	0	0	0	0	0	0	0	0	0	0	0	117	0	0	0	0	0	0	0	0	0	0	0	0	0	0	0	0	0	0	0	0	0	0	0	0	0	0	0	0	0
45239	0	0	0	0	0	0	0	0	0	0	0	113	0	0	0	0	0	0	0	0	0	109	0	0	0	0	0	0	125	108	106	0	0	0	0	0	0	0	117	0	0	0	0	0	0	0	0	0	0	0	128	0	0	0	0	0	0	0	0	125	0	0	0	0	0	0	0	0	129	112	0	0	0	0	0	0	0	0	0	0	0	124	0	0	95	0	0	111	0	116	128	0	0	0	0	0
45254	0	0	0	0	0	0	0	0	0	0	0	0	0	0	0	0	0	0	0	0	0	0	128	0	0	0	0	0	0	0	0	0	0	0	0	0	0	0	0	0	0	0	0	0	0	107	0	0	109	0	116	0	0	0	0	0	0	0	0	0	0	0	0	0	0	0	0	0	0	0	0	0	114	0	0	0	0	0	0	0	0	0	0	0	0	113	0	97	0	0	109	0	0	0	0	0
45309	0	0	0	0	0	0	0	0	0	0	0	0	0	0	0	0	0	0	0	0	0	0	130	0	0	0	0	0	0	0	0	0	0	0	0	0	0	0	0	0	0	0	0	0	0	118	0	0	125	0	104	0	0	0	0	0	0	0	0	0	0	0	0	0	0	0	0	0	0	0	0	0	121	0	0	0	0	0	0	0	0	0	0	0	0	112	0	125	0	0	102	0	0	0	0	0
45372	0	0	0	0	0	0	106	0	0	0	0	119	0	0	0	0	0	0	0	0	0	0	128	120	0	0	0	0	117	0	0	0	0	0	0	0	0	0	0	0	0	0	0	0	0	109	0	0	118	0	115	0	0	0	113	0	0	0	0	0	0	0	0	0	0	0	0	0	0	0	0	0	120	0	0	0	0	0	0	0	0	0	0	0	0	102	0	114	0	0	0	0	0	0	0	0
45467	0	0	0	0	0	48	0	0	0	0	0	0	65	0	129	0	0	0	38	0	0	0	0	0	0	73	0	0	68	129	0	0	0	49	0	0	71	0	0	0	0	0	0	0	0	68	56	0	0	0	0	0	0	0	0	0	0	67	0	0	0	0	62	0	0	0	50	62	0	0	0	0	53	0	0	47	0	0	0	0	48	0	0	0	64	0	57	63	0	71	53	48	0	65	64	0
45468	0	0	0	0	0	0	0	0	0	0	0	0	0	0	0	0	0	0	0	0	0	0	106	0	0	0	0	0	0	0	0	0	0	0	0	0	0	0	0	0	0	0	0	0	0	129	0	0	124	0	108	0	0	0	0	0	0	0	0	0	0	0	0	0	0	0	0	0	0	0	0	0	125	0	0	0	0	0	0	0	0	0	0	0	0	141	0	112	0	0	108	0	0	0	0	0
45556	0	0	0	0	0	0	0	0	0	0	0	0	115	0	105	0	0	0	0	0	0	0	0	0	0	0	0	0	0	133	0	0	0	0	0	0	0	0	0	0	0	0	0	0	0	0	0	0	0	0	0	0	0	0	0	0	0	0	0	0	0	0	0	0	0	0	119	0	0	0	0	0	0	0	0	0	0	0	0	0	0	0	0	0	0	0	0	0	0	0	127	0	0	0	0	0
45666	43	0	56	0	0	42	63	0	50	63	60	119	0	0	57	70	54	0	65	52	0	58	0	0	109	0	0	45	0	0	115	63	111	61	0	0	111	38	42	66	61	0	55	107	0	62	0	54	0	100	0	54	109	0	104	52	0	60	55	125	43	67	68	113	56	118	51	0	56	56	64	0	47	45	0	0	116	0	118	77	0	34	0	0	0	58	0	0	0	66	0	0	0	0	0	78
45670	0	0	0	0	0	0	0	0	0	0	0	113	0	0	104	0	0	0	126	0	0	0	0	0	112	0	0	113	0	0	119	96	120	0	0	0	95	0	130	0	0	0	0	131	0	114	0	0	0	125	0	0	112	119	144	0	0	110	0	107	113	0	120	119	0	126	126	0	126	0	113	0	102	115	119	0	114	0	130	0	0	0	0	0	0	108	0	0	0	0	0	0	0	0	0	103
45711	59	65	43	0	0	0	0	0	35	0	0	25	0	0	74	0	0	0	62	46	0	43	43	60	109	0	56	83	45	0	85	54	96	0	0	0	73	0	35	68	43	48	0	63	42	56	0	35	27	86	23	0	10	0	56	26	0	59	0	111	100	56	34	31	0	91	90	0	44	53	71	56	109	107	56	0	95	27	85	72	47	0	0	16	0	115	65	32	0	55	24	24	28	0	0	23
45713	0	0	0	0	0	0	0	0	0	0	0	0	0	0	0	0	0	0	0	0	0	0	115	0	0	0	0	0	0	0	0	0	0	0	0	0	0	0	0	0	0	0	0	0	0	114	0	0	149	0	116	0	0	0	0	0	0	0	0	0	0	0	0	0	0	0	0	0	0	0	0	0	121	0	0	0	0	0	0	0	0	0	0	0	0	121	0	140	0	0	110	0	0	0	0	0
45821	0	0	0	0	0	110	0	0	0	0	0	0	126	0	127	0	0	0	127	0	0	0	0	0	0	0	0	0	105	100	0	0	0	107	0	0	0	0	0	0	0	0	0	0	0	0	127	0	0	0	0	0	0	0	0	0	0	122	0	0	0	0	0	0	0	0	110	102	0	0	0	0	0	0	0	108	0	0	0	0	111	0	0	0	141	0	119	107	0	0	122	0	0	0	123	0
45829	0	0	0	0	0	0	0	0	0	0	0	0	114	0	118	0	0	0	0	0	0	0	0	0	0	0	0	0	104	0	0	0	0	0	0	0	0	0	0	0	0	0	0	0	0	125	0	0	98	0	115	0	0	0	106	0	0	0	0	0	0	0	0	0	0	0	107	0	0	0	0	0	0	0	0	0	0	0	0	0	0	0	0	0	0	0	0	0	0	0	0	0	0	0	0	0
45832	0	0	0	0	0	0	0	0	0	0	0	55	65	0	57	0	0	0	0	0	0	51	0	0	0	0	0	0	131	67	53	0	0	0	0	0	0	0	62	0	0	0	0	0	0	53	0	0	73	0	121	0	0	0	40	0	0	0	0	60	0	0	0	0	0	0	49	0	63	58	0	0	0	0	0	0	0	0	0	0	0	46	0	0	54	0	0	51	0	51	49	0	0	0	0	0
46011	0	0	0	0	0	0	0	0	0	0	0	0	0	0	114	0	0	0	0	0	0	0	114	0	0	106	0	0	99	0	0	0	0	0	0	0	0	0	0	0	0	0	0	112	125	0	0	0	130	0	106	0	0	0	119	0	0	0	0	0	0	0	0	0	0	0	0	0	0	0	0	0	0	0	0	0	0	0	0	0	0	0	0	0	0	0	0	132	0	0	115	0	0	0	0	0
46020	0	61	0	0	0	0	0	0	62	0	0	59	0	0	64	0	0	0	63	48	0	54	54	52	61	0	0	61	0	0	65	71	51	0	0	0	56	0	0	66	0	46	0	0	68	67	0	54	70	42	71	0	0	57	54	46	0	57	0	67	63	68	0	57	0	55	49	0	37	61	51	0	105	53	58	0	68	50	70	50	0	0	0	0	0	114	0	69	0	0	85	60	0	0	0	0
46056	0	0	0	0	0	0	0	0	0	0	0	0	67	0	65	0	0	0	0	0	0	0	52	0	0	0	0	0	50	0	0	0	0	0	0	0	0	0	0	0	0	0	0	0	0	109	0	0	122	0	117	0	0	0	54	0	0	0	0	0	0	0	0	0	0	0	54	0	0	0	0	0	49	0	0	0	0	0	0	0	0	0	0	0	0	66	0	53	0	0	56	0	0	0	0	0
46134	0	0	0	0	0	0	0	0	0	0	0	0	69	0	74	0	0	0	0	0	0	0	62	0	0	0	0	0	52	0	0	0	0	0	0	0	0	0	0	0	0	0	0	0	0	129	0	0	109	0	135	0	0	0	67	0	0	0	0	0	0	0	0	0	0	0	53	0	0	0	0	0	51	0	0	0	0	0	0	0	0	0	0	0	0	63	0	52	0	0	61	0	0	0	0	0
46170	0	0	0	0	0	0	0	0	0	0	0	128	0	0	125	0	0	0	104	0	0	0	0	0	116	0	0	137	0	0	94	118	120	0	0	0	116	0	106	0	0	0	0	110	0	136	0	0	0	136	0	0	123	0	116	0	0	119	0	95	121	0	106	113	0	102	131	0	122	0	127	0	134	120	0	0	113	0	115	0	0	0	0	0	0	96	0	0	0	0	0	0	0	0	0	126
46185	0	0	0	0	0	0	0	0	0	0	0	0	131	0	124	0	0	0	0	0	0	0	0	0	0	0	0	0	45	67	0	0	0	0	0	0	0	0	0	0	0	0	0	0	0	69	0	0	52	0	45	0	0	0	46	0	0	0	0	0	0	0	0	0	0	0	120	0	0	0	0	0	0	0	0	0	0	0	0	0	0	0	0	0	0	0	0	0	0	0	41	0	0	0	0	0
46206	0	0	0	0	0	0	0	0	0	0	0	0	127	0	106	0	0	0	0	0	0	0	0	0	0	0	0	0	0	113	0	0	0	0	0	0	0	0	0	0	0	0	0	0	0	0	0	0	0	0	0	0	0	0	0	0	0	0	0	0	0	0	0	0	0	0	111	0	0	0	0	0	0	0	0	0	0	0	0	0	0	0	0	0	0	0	0	0	0	0	105	0	0	0	0	0
46212	0	0	0	0	0	0	0	0	0	0	0	0	0	0	0	0	0	0	0	0	0	0	127	0	0	0	0	0	0	0	0	0	0	0	0	0	0	0	0	0	0	0	0	0	0	112	0	0	114	0	102	0	0	0	0	0	0	0	0	0	0	0	0	0	0	0	0	0	0	0	0	0	108	0	0	0	0	0	0	0	0	0	0	0	0	116	0	131	0	0	121	0	0	0	0	0
46216	118	0	108	0	0	124	111	0	111	121	112	117	0	0	0	122	98	0	0	125	0	107	0	0	107	0	0	0	0	0	121	0	122	111	0	0	130	101	0	89	97	0	120	115	0	0	0	108	0	115	0	117	112	0	109	104	0	0	121	104	0	112	0	110	112	118	0	0	0	127	0	0	0	0	0	0	119	0	121	108	0	120	0	0	0	0	0	0	0	135	0	0	0	0	0	0
46266	71	0	40	0	0	56	34	0	0	52	66	99	0	66	65	57	57	0	80	56	0	48	0	0	111	0	0	69	0	0	114	58	125	52	0	0	108	57	47	52	48	0	47	71	0	61	0	60	0	107	0	69	111	0	102	55	0	53	50	108	40	47	46	112	47	124	50	0	56	50	63	0	45	55	0	0	110	0	111	63	0	70	0	0	0	65	0	0	0	45	0	0	0	0	0	49
46267	0	25	0	0	0	51	61	0	0	0	0	30	27	0	75	0	0	0	49	0	0	28	81	76	0	0	0	33	115	72	42	0	0	43	0	0	0	0	0	0	0	0	0	0	0	63	65	0	40	0	78	0	0	0	45	0	0	18	0	0	0	44	0	0	0	0	30	36	32	0	0	0	95	0	0	52	0	0	0	0	30	0	0	0	54	41	29	72	0	0	41	0	0	0	38	0
46310	0	0	0	0	0	0	113	0	0	0	0	117	0	0	0	0	0	0	0	0	0	0	100	115	0	0	0	0	117	0	0	0	0	0	0	0	0	0	0	0	0	0	0	0	0	98	0	0	127	0	141	0	0	0	123	0	0	0	0	0	0	0	0	0	0	0	0	0	0	0	0	0	126	0	0	0	0	0	0	0	0	0	0	0	0	117	0	111	0	0	0	0	0	0	0	0
46326	0	0	0	0	0	119	121	105	111	0	0	0	102	0	0	0	0	0	109	112	0	0	0	0	97	104	0	0	113	119	0	0	0	110	0	0	99	0	0	0	0	0	0	111	0	108	125	0	0	0	127	0	0	111	90	0	0	123	0	0	0	0	118	0	0	0	106	100	0	118	0	0	125	0	0	107	0	0	0	0	123	0	102	114	133	0	96	0	0	0	0	118	0	109	110	0
46334	0	0	0	0	0	0	0	0	0	0	0	0	96	0	106	0	0	0	0	0	0	0	0	0	0	0	0	0	0	119	0	0	0	0	0	0	0	0	0	0	0	0	0	0	0	0	0	0	0	0	0	0	0	0	0	0	0	0	0	0	0	0	0	0	0	0	131	0	0	0	0	0	0	0	0	0	0	0	0	0	0	0	0	0	0	0	0	0	0	0	125	0	0	0	0	0
46405	0	0	0	0	0	0	0	0	0	0	0	0	124	0	114	0	0	0	0	0	0	0	0	0	0	0	0	0	136	0	0	0	0	0	0	0	0	0	0	0	0	0	0	0	0	92	0	0	119	0	115	0	0	0	112	0	0	0	0	0	0	0	0	0	0	0	114	0	0	0	0	0	0	0	0	0	0	0	0	0	0	0	0	0	0	0	0	0	0	0	0	0	0	0	0	0
46488	0	0	0	0	0	104	0	0	0	0	0	0	129	0	115	0	0	0	0	0	0	0	113	106	0	0	0	0	105	107	0	0	0	0	0	0	0	0	0	0	0	0	0	0	0	0	0	0	0	0	0	0	0	0	0	0	0	0	0	0	0	0	0	0	0	0	113	0	0	0	0	0	0	0	0	0	0	0	0	0	0	0	0	0	0	0	0	0	0	0	0	0	0	0	0	0
46513	0	0	0	0	0	0	0	0	0	0	0	0	0	0	0	0	0	0	0	0	0	0	96	0	0	0	0	0	0	0	0	0	0	0	0	0	0	0	0	0	0	0	0	0	0	121	0	0	114	0	101	0	0	0	0	0	0	0	0	0	0	0	0	0	0	0	0	0	0	0	0	0	100	0	0	0	0	0	0	0	0	0	0	0	0	101	0	103	0	0	100	0	0	0	0	0
46539	85	85	20	0	0	0	0	0	38	0	0	0	0	0	124	0	0	0	68	112	57	43	0	75	107	0	64	118	81	0	98	25	141	0	0	0	108	0	47	64	47	42	0	80	89	34	0	40	0	114	0	33	43	0	93	39	0	74	0	121	127	108	42	27	0	129	138	0	98	85	131	82	79	120	88	0	115	61	99	78	31	0	0	52	0	73	77	0	0	73	0	36	46	0	0	40
46551	68	57	46	0	0	0	42	0	33	0	0	55	0	0	131	0	0	0	81	79	0	29	0	52	123	0	64	119	47	0	90	78	105	28	0	0	111	0	42	79	37	0	0	130	62	36	0	31	0	114	0	0	83	0	123	39	0	86	0	116	113	64	19	82	37	105	82	0	68	89	117	34	69	113	87	0	81	0	107	72	46	45	0	0	0	71	83	0	0	77	0	61	0	0	0	28
46556	0	0	0	0	0	0	0	0	0	0	0	0	125	0	123	0	0	0	0	0	0	0	0	0	0	0	0	0	0	132	0	0	0	0	0	0	0	0	0	0	0	0	0	0	0	0	0	0	0	0	0	0	0	0	0	0	0	0	0	0	0	0	0	0	0	0	97	0	0	0	0	0	0	0	0	0	0	0	0	0	0	0	0	0	0	0	0	0	0	0	116	0	0	0	0	0
46576	0	0	0	0	0	0	105	0	0	0	0	110	0	0	0	0	0	0	0	0	0	0	109	99	0	0	0	0	101	0	0	0	0	0	0	0	0	0	0	0	0	0	0	0	0	104	0	0	134	0	118	0	0	0	124	0	0	0	0	0	0	0	0	0	0	0	0	0	0	0	0	0	115	0	0	0	0	0	0	0	0	0	0	0	0	135	0	118	0	0	0	0	0	0	0	0
46581	0	0	0	0	0	28	0	0	0	0	0	0	53	0	75	0	0	0	30	0	0	0	35	0	0	48	0	0	86	46	0	0	0	45	0	0	44	0	0	0	0	0	0	0	0	114	29	0	97	0	78	0	0	0	38	0	0	32	0	0	0	0	13	0	0	0	27	50	0	0	0	0	73	0	0	38	0	0	0	0	37	0	0	0	20	50	33	75	0	33	26	47	0	27	36	0
46608	0	0	0	0	0	0	0	0	0	0	0	0	125	0	117	0	0	0	0	0	0	0	0	0	0	0	0	0	0	134	0	0	0	0	0	0	0	0	0	0	0	0	0	0	0	0	0	0	0	0	0	0	0	0	0	0	0	0	0	0	0	0	0	0	0	0	100	0	0	0	0	0	0	0	0	0	0	0	0	0	0	0	0	0	0	0	0	0	0	0	129	0	0	0	0	0
46682	58	64	0	0	0	0	0	0	0	0	0	60	0	0	117	0	0	0	116	75	0	0	0	43	110	0	57	102	56	0	126	109	137	0	0	0	106	0	50	69	0	0	0	109	46	65	0	0	0	117	0	0	77	57	116	0	0	109	0	124	121	46	72	55	0	102	115	0	103	70	129	70	97	128	122	0	109	0	110	56	0	0	0	0	0	131	51	0	0	59	0	0	0	0	0	78
46705	0	0	0	0	0	110	0	0	0	0	0	0	106	0	126	0	0	0	130	0	0	0	0	0	0	0	0	0	127	120	0	0	0	110	0	0	0	0	0	0	0	0	0	0	0	0	129	0	0	0	0	0	0	0	0	0	0	115	0	0	0	0	0	0	0	0	100	81	0	0	0	0	0	0	0	103	0	0	0	0	123	0	0	0	103	0	100	117	0	0	108	0	0	0	99	0
46726	0	0	0	0	0	0	0	0	0	0	0	0	61	0	64	0	0	0	0	0	0	0	64	0	0	0	0	0	0	48	0	0	0	0	0	0	0	0	0	0	0	0	0	0	0	61	0	0	61	0	61	0	0	0	0	0	0	0	0	0	0	0	0	0	0	0	50	0	0	0	0	0	40	0	0	0	0	0	0	0	0	0	0	0	0	45	0	51	0	0	120	0	0	0	0	0
46727	0	0	56	25	52	69	17	0	14	36	21	42	64	0	81	44	39	20	69	0	0	36	34	28	46	21	0	31	54	37	25	28	35	44	43	39	53	0	14	11	0	0	0	37	24	42	20	0	27	44	23	28	60	9	67	0	33	48	32	36	14	0	20	14	0	0	75	17	8	27	18	21	22	15	37	23	44	26	21	36	3	32	37	36	21	5	27	31	35	33	35	56	44	0	69	14
46806	0	0	0	0	0	118	0	0	0	0	0	0	115	0	118	0	0	0	94	0	0	0	0	0	0	0	0	0	129	108	0	0	0	118	0	0	0	0	0	0	0	0	0	0	0	0	135	0	0	0	0	0	0	0	0	0	0	133	0	0	0	0	0	0	0	0	108	120	0	0	0	0	0	0	0	111	0	0	0	0	106	0	0	0	117	0	120	119	0	0	103	0	0	0	104	0
46809	0	0	0	0	0	0	0	0	0	0	0	0	62	0	123	0	0	0	0	0	0	0	70	0	0	52	0	0	37	63	0	0	0	0	0	0	0	0	0	0	0	0	0	54	66	0	0	0	42	0	71	0	0	0	60	0	0	0	0	0	0	0	0	0	0	0	56	0	0	0	0	0	0	0	0	0	0	0	0	0	0	0	0	0	0	0	0	59	0	0	127	0	0	0	0	0
46879	0	0	0	0	0	59	53	0	0	0	0	57	76	0	46	0	0	0	0	0	0	0	96	62	0	0	0	71	52	60	0	0	0	0	0	0	0	0	75	0	0	0	0	0	0	62	0	0	58	0	50	0	0	0	46	0	0	0	0	67	0	0	0	0	0	0	62	0	0	69	0	0	42	0	0	0	0	0	0	0	0	0	0	0	0	58	0	54	0	0	63	0	0	0	0	0
46887	0	131	119	0	122	119	0	117	0	124	106	0	0	94	0	113	117	108	0	95	112	93	0	110	123	0	106	0	0	0	0	0	0	121	98	112	118	129	131	107	127	133	0	111	0	0	0	0	121	112	0	0	121	110	127	0	0	0	124	122	0	0	0	127	111	0	0	0	0	118	109	128	120	0	109	104	0	95	0	113	129	106	0	0	108	117	96	0	131	0	0	0	0	0	116	0
46909	0	0	0	0	0	0	0	0	0	0	0	107	0	0	0	0	0	0	0	0	0	0	0	0	0	0	0	0	0	0	0	0	0	0	0	0	0	0	0	0	0	0	0	0	0	0	0	0	93	0	0	0	0	0	0	0	0	0	0	0	0	0	0	0	0	0	0	0	0	0	0	0	0	0	0	0	0	0	0	0	0	0	0	0	108	0	0	105	0	0	0	0	0	0	0	0
46923	0	0	114	0	0	131	119	0	0	117	111	109	0	0	0	101	96	114	0	118	0	107	0	0	115	0	0	0	0	0	106	0	125	120	0	0	112	113	0	115	128	0	99	0	0	0	0	119	0	109	0	132	110	0	113	106	0	0	124	110	0	113	0	118	139	125	0	0	0	111	0	0	0	0	0	0	121	0	103	120	0	124	0	0	0	0	0	0	0	121	0	0	0	0	0	0
47009	0	0	0	0	0	0	0	0	0	0	0	0	106	0	126	0	0	0	0	0	0	0	0	0	0	0	0	0	0	103	0	0	0	0	0	0	0	0	0	0	0	0	0	0	0	0	0	0	0	0	0	0	0	0	0	0	0	0	0	0	0	0	0	0	0	0	114	0	0	0	0	0	0	0	0	0	0	0	0	0	0	0	0	0	0	0	0	0	0	0	117	0	0	0	0	0
47013	0	50	0	26	0	0	0	0	73	0	0	77	13	0	117	0	0	0	98	26	0	48	0	51	99	0	0	105	40	0	74	96	67	0	0	0	94	0	38	41	0	40	0	42	49	72	0	94	33	81	23	0	52	86	120	25	0	66	0	94	72	57	61	91	0	70	121	0	89	98	72	0	95	76	69	0	107	48	84	43	0	0	0	0	0	88	0	0	14	41	0	58	0	0	0	55
47065	0	0	0	0	0	0	0	0	0	0	0	0	99	0	112	0	0	0	0	0	0	0	0	0	0	0	0	0	65	63	0	0	0	0	0	0	0	0	0	0	0	0	0	0	0	52	0	0	50	0	55	0	0	0	68	0	0	0	0	0	0	0	0	0	0	0	130	0	0	0	0	0	0	0	0	0	0	0	0	0	0	0	0	0	0	0	0	0	0	0	56	0	0	0	0	0
47085	123	0	124	0	0	122	0	96	132	118	0	0	121	111	0	0	115	0	0	0	0	0	107	0	0	116	108	0	126	0	0	115	116	123	122	0	113	0	0	0	0	0	0	116	131	0	0	0	90	0	119	0	0	104	0	101	0	117	0	113	0	90	0	0	0	0	0	124	113	0	0	114	108	105	113	121	0	94	117	122	91	0	0	0	0	0	0	0	114	0	104	121	118	0	0	0
47118	0	0	0	0	0	0	0	0	0	0	0	0	0	0	45	0	0	0	0	0	0	0	101	0	0	51	0	0	82	0	0	0	0	0	0	0	0	0	0	0	0	0	0	69	59	57	0	0	107	0	124	0	0	0	59	0	0	0	0	0	0	0	0	0	0	0	0	0	0	0	0	0	40	0	0	0	0	0	0	0	0	0	0	0	0	71	0	96	0	0	118	0	0	0	0	0
47137	0	0	71	40	52	61	56	0	61	66	72	49	0	0	0	54	46	75	67	0	0	56	61	0	53	0	0	0	0	0	52	0	49	64	43	64	58	0	0	55	0	0	0	0	0	61	0	0	52	48	57	47	62	63	0	0	94	0	61	53	0	0	0	0	0	0	0	0	0	38	0	0	58	0	49	0	61	53	0	56	0	40	63	64	0	69	0	63	44	52	54	65	77	0	70	0
47163	0	0	0	0	0	0	51	0	0	0	0	45	45	0	49	0	0	0	0	0	0	0	39	55	0	0	0	0	124	0	0	0	0	0	0	0	0	0	0	0	0	0	0	0	0	105	0	0	143	0	99	0	0	0	115	0	0	0	0	0	0	0	0	0	0	0	59	0	0	0	0	0	64	0	0	0	0	0	0	0	0	0	0	0	0	65	0	57	0	0	0	0	0	0	0	0
47237	0	0	52	75	69	70	67	0	84	75	76	59	28	0	32	59	65	67	60	0	25	64	38	36	64	23	0	0	24	0	62	0	76	73	69	55	86	0	24	63	0	0	0	4	26	0	0	0	9	68	40	74	59	40	31	0	78	21	70	57	0	0	0	0	0	0	39	0	25	90	0	0	0	0	83	0	81	62	0	64	0	74	69	84	5	0	0	30	64	82	49	85	75	0	68	0
47309	0	0	49	53	66	77	70	0	62	52	60	69	70	0	56	54	58	62	63	0	0	52	0	0	61	0	0	0	0	65	63	0	53	50	54	65	83	0	0	39	0	0	0	0	0	0	0	0	0	72	0	68	49	54	0	0	43	0	57	58	0	0	0	0	0	0	59	0	0	54	0	0	0	0	49	0	57	47	0	58	0	93	65	48	0	0	0	0	69	61	49	56	50	0	50	0
47316	0	0	0	0	0	36	0	0	0	0	0	0	102	0	108	0	0	0	9	0	0	0	0	0	0	16	0	0	60	81	0	0	0	31	0	0	18	0	0	0	0	0	0	0	0	53	17	0	33	0	31	0	0	0	20	0	0	26	0	0	0	0	28	0	0	0	80	19	0	0	0	0	13	0	0	20	0	0	0	0	21	0	0	0	9	0	35	20	0	4	78	31	0	35	18	0
47366	0	0	0	0	0	0	0	0	0	0	0	0	103	0	112	0	0	0	0	0	0	0	0	0	0	0	0	0	107	0	0	0	0	0	0	0	0	0	0	0	0	0	0	0	0	99	0	0	113	0	108	0	0	0	120	0	0	0	0	0	0	0	0	0	0	0	115	0	0	0	0	0	0	0	0	0	0	0	0	0	0	0	0	0	0	0	0	0	0	0	0	0	0	0	0	0
47384	0	0	0	0	0	27	18	0	0	0	0	13	83	0	81	0	0	0	9	0	0	0	66	10	0	0	0	4	45	52	0	0	0	24	0	0	0	0	25	0	0	0	0	0	0	58	14	0	45	0	67	0	0	0	40	0	0	33	0	8	0	0	0	0	0	0	50	25	0	13	0	0	40	0	0	17	0	0	0	0	0	0	0	0	22	35	2	47	0	0	69	0	0	0	17	0
47395	26	0	88	0	0	100	96	31	20	91	68	87	66	0	16	76	89	67	0	85	0	78	19	0	112	0	0	0	0	26	79	0	93	64	0	0	88	61	32	78	59	0	44	24	0	0	0	64	0	90	0	93	79	0	86	99	0	0	76	81	0	99	0	84	80	75	25	0	0	81	0	0	0	0	0	0	69	0	102	92	0	80	0	0	0	0	0	0	0	97	37	0	0	19	9	0
47434	38	53	37	0	0	2	0	0	46	0	0	53	25	0	116	0	0	0	77	35	0	25	0	39	112	0	41	102	47	4	115	81	93	28	0	0	82	0	38	59	23	25	0	68	54	53	15	48	0	104	0	0	61	25	92	27	0	110	0	95	112	47	45	58	0	106	114	10	104	35	113	39	99	88	48	25	109	31	71	51	32	0	0	23	22	111	47	6	0	41	25	25	13	0	19	43
47452	0	0	0	0	0	0	0	0	0	0	0	0	68	0	89	0	0	0	0	0	0	0	30	0	0	0	0	0	45	39	0	0	0	0	0	0	0	0	0	0	0	0	0	0	0	75	0	0	93	0	75	0	0	0	22	0	0	0	0	0	0	0	0	0	0	0	80	0	0	0	0	0	46	0	0	0	0	0	0	0	0	0	0	0	0	50	0	23	0	0	80	0	0	0	0	0
47477	0	2	76	102	67	76	60	0	91	65	39	109	0	0	41	73	29	71	124	28	15	80	0	35	110	0	0	51	0	0	108	56	103	73	60	73	110	0	33	93	0	25	0	35	41	35	0	64	0	120	0	72	98	40	50	30	65	47	66	121	48	8	34	53	0	55	53	0	39	82	43	0	45	50	59	0	117	73	49	91	0	60	60	49	0	56	0	0	70	90	0	102	73	0	65	36
47478	0	24	0	0	0	0	43	0	0	0	0	0	44	0	79	0	0	0	0	0	0	34	63	60	0	0	0	31	83	54	55	0	0	0	0	0	0	0	0	0	0	0	0	0	0	121	44	0	99	0	118	0	0	0	47	0	0	0	0	0	0	47	0	0	0	0	36	0	52	0	0	0	67	0	0	0	0	0	0	0	0	0	0	0	0	36	0	31	0	0	32	0	0	0	0	0
47490	0	59	0	66	0	0	0	0	73	0	0	111	0	0	119	0	0	0	134	50	0	45	0	72	120	0	0	107	0	0	132	116	110	0	0	0	122	0	52	58	0	64	0	59	66	66	0	120	0	124	0	0	68	84	113	49	0	96	0	119	107	60	56	84	0	121	121	0	110	71	120	0	109	104	52	0	102	50	122	67	0	0	0	0	0	125	0	0	0	47	0	73	0	0	0	53
47524	62	28	36	0	0	0	30	0	25	0	0	75	0	0	105	0	0	0	88	60	0	42	0	55	120	0	76	126	24	0	97	77	110	48	0	0	107	0	53	48	33	0	0	118	67	53	0	33	0	112	0	0	76	38	126	26	0	102	0	121	126	71	64	85	16	119	91	0	80	50	120	37	90	120	99	0	98	0	90	51	57	29	0	0	0	84	45	0	0	54	0	38	0	0	0	56
47540	0	0	0	0	0	0	0	0	0	0	0	0	0	0	0	0	0	0	0	0	0	0	130	0	0	0	0	0	0	0	0	0	0	0	0	0	0	0	0	0	0	0	0	0	0	110	0	0	124	0	110	0	0	0	0	0	0	0	0	0	0	0	0	0	0	0	0	0	0	0	0	0	130	0	0	0	0	0	0	0	0	0	0	0	0	116	0	117	0	0	129	0	0	0	0	0
47562	0	0	0	0	0	49	0	0	0	0	0	24	65	0	111	0	0	0	32	0	0	15	0	0	0	19	0	0	123	61	27	0	0	10	0	0	18	0	0	0	0	0	0	0	0	91	27	0	81	0	96	0	0	0	90	0	0	28	0	0	0	0	19	0	0	0	61	23	33	0	0	0	54	0	0	21	0	0	0	0	4	0	0	0	65	0	21	37	0	27	0	40	0	34	14	0
47584	67	57	9	0	0	0	0	0	45	0	0	0	0	0	98	0	0	0	101	84	23	18	0	51	103	0	78	145	74	0	112	64	106	0	0	0	130	0	47	61	24	21	0	94	53	47	0	36	0	115	0	29	47	0	83	24	0	85	0	123	124	85	51	64	0	137	84	0	91	85	126	52	111	76	100	0	119	33	110	70	34	0	0	21	0	84	67	0	0	91	0	29	40	0	0	66
47587	35	0	89	79	82	112	104	0	88	100	78	128	0	15	0	120	90	99	98	11	38	117	0	0	117	0	0	0	0	0	105	0	119	109	83	87	142	29	0	113	28	0	9	0	64	0	0	29	0	117	0	106	117	11	29	34	75	13	132	117	0	42	0	32	11	29	0	0	0	110	0	0	0	0	24	0	132	79	29	119	0	129	87	75	0	0	0	0	72	131	0	99	87	0	89	0
47609	0	0	99	0	137	0	0	127	0	0	0	0	117	107	107	0	121	0	0	0	128	0	0	90	119	109	113	133	0	110	91	0	0	0	120	104	0	0	92	116	0	113	104	0	0	0	112	115	144	125	94	0	0	0	0	0	0	0	104	88	0	117	105	103	127	122	108	126	0	0	125	121	115	118	118	0	118	0	0	0	115	100	0	0	0	93	100	115	108	115	0	111	0	109	128	133
47621	31	0	103	0	0	122	125	0	76	118	100	122	0	0	0	128	109	87	0	96	0	108	0	0	116	0	0	0	0	0	121	0	120	119	0	0	104	122	0	98	112	0	117	50	0	0	0	107	0	121	0	134	113	0	107	93	0	0	121	107	0	125	0	115	120	105	0	0	0	121	0	0	0	0	0	0	109	0	107	106	0	120	0	0	0	0	0	0	0	105	0	0	0	0	0	0
47633	0	0	0	0	0	0	0	0	0	0	0	0	113	0	97	0	0	0	0	0	0	0	0	0	0	0	0	0	100	0	0	0	0	0	0	0	0	0	0	0	0	0	0	0	0	125	0	0	118	0	110	0	0	0	104	0	0	0	0	0	0	0	0	0	0	0	103	0	0	0	0	0	0	0	0	0	0	0	0	0	0	0	0	0	0	0	0	0	0	0	0	0	0	0	0	0
47646	38	0	84	0	0	40	91	0	22	40	68	73	37	0	17	73	71	56	0	58	0	84	0	38	28	0	0	0	0	32	24	49	70	76	0	0	78	46	0	84	65	39	69	36	0	0	36	43	0	83	0	64	78	0	86	88	0	0	63	70	0	68	0	80	84	68	49	0	0	52	0	0	0	0	0	0	84	0	90	86	0	76	22	0	0	0	0	0	0	80	83	42	0	0	0	34
47650	52	53	0	0	0	0	0	0	0	0	0	0	0	0	132	0	0	0	120	102	46	0	0	50	115	0	67	94	61	0	103	64	114	0	0	0	113	0	43	71	0	0	0	125	59	49	0	0	0	122	0	54	72	0	134	0	0	125	0	106	117	48	68	47	0	106	119	0	121	56	128	71	59	106	52	0	106	0	119	58	0	0	0	0	0	53	55	0	0	70	0	0	0	0	0	57
47733	0	0	93	0	0	73	99	0	41	36	108	84	12	5	35	108	99	89	0	91	19	92	18	0	79	0	0	16	0	26	104	0	92	91	0	0	93	98	0	92	79	0	35	0	0	0	27	84	0	90	0	99	89	0	101	86	0	0	97	76	0	112	0	99	101	99	32	0	0	94	0	0	0	0	0	0	117	0	106	99	0	72	0	0	0	0	0	0	0	85	31	0	0	42	33	0
47771	0	0	0	0	0	0	54	0	0	0	0	49	76	0	69	0	0	0	0	0	0	0	35	32	0	0	0	0	122	0	0	0	0	0	0	0	0	0	0	0	0	0	0	0	0	87	0	0	117	0	127	0	0	0	107	0	0	0	0	0	0	0	0	0	0	0	72	0	0	0	0	0	47	0	0	0	0	0	0	0	0	0	0	0	0	42	0	34	0	0	0	0	0	0	0	0
47810	47	102	59	0	0	0	0	0	127	0	0	62	0	0	93	0	0	0	54	120	0	91	0	104	113	0	51	103	50	0	112	48	114	0	0	0	100	0	0	117	60	115	0	0	128	0	0	120	0	127	0	0	0	41	70	96	0	55	0	90	102	114	0	63	0	114	116	0	57	111	113	49	111	121	89	0	113	122	126	97	39	0	0	64	0	115	60	0	0	62	0	106	62	0	0	0
47867	0	33	19	0	28	67	29	11	0	11	17	0	22	26	45	21	11	21	9	20	13	48	77	30	10	26	19	21	29	60	42	0	0	28	4	14	35	25	61	14	19	23	0	19	0	65	69	0	49	21	57	0	4	9	26	0	0	19	20	6	0	4	21	17	33	0	24	12	24	34	29	18	98	0	26	22	0	32	0	31	66	30	0	0	54	77	42	62	13	13	34	21	0	42	30	0
47910	0	0	56	44	77	67	47	0	52	55	0	57	55	0	59	60	60	44	53	0	0	64	0	0	66	0	0	0	0	62	70	0	74	63	58	52	54	0	0	65	0	0	0	0	0	0	0	0	0	46	0	49	70	0	0	0	73	0	64	43	0	0	0	0	0	0	71	0	0	58	0	0	0	0	0	0	51	68	0	44	0	61	64	78	0	0	0	0	85	57	47	54	49	0	42	0
47965	0	0	0	0	0	39	0	0	0	0	0	0	115	0	122	0	0	0	54	0	0	0	0	0	0	0	0	0	124	40	0	0	0	15	0	0	0	0	0	0	0	0	0	0	0	77	42	0	82	0	87	0	0	0	77	0	0	35	0	0	0	0	0	0	0	0	125	46	0	0	0	0	0	0	0	25	0	0	0	0	38	0	0	0	22	0	33	45	0	0	47	0	0	0	49	0
47993	0	0	124	135	121	135	104	36	120	113	118	74	0	0	0	112	101	120	115	0	52	117	0	0	117	0	0	0	0	0	137	0	101	123	138	106	121	0	0	115	0	0	0	0	63	0	0	0	0	115	0	119	122	48	0	0	108	32	110	136	0	0	0	0	0	0	0	0	0	102	0	9	0	0	62	0	121	117	0	112	0	107	101	123	0	0	0	0	120	136	0	105	101	0	101	0
48001	0	16	0	0	0	0	26	0	0	0	0	0	76	0	111	0	0	0	0	0	0	41	36	39	0	0	0	21	66	92	63	0	0	0	0	0	17	0	17	0	0	0	0	0	0	37	26	0	37	0	75	0	0	0	24	0	0	0	0	0	0	32	0	0	0	0	88	0	50	0	0	0	13	0	0	0	0	0	0	0	0	0	0	0	19	0	0	17	0	19	61	0	0	0	0	0
48010	0	0	101	85	104	74	81	40	96	80	72	57	26	8	20	91	96	91	79	0	52	88	0	0	110	25	0	8	29	9	101	0	65	69	79	117	94	0	10	109	0	19	0	0	33	23	15	30	13	106	15	88	86	25	11	0	88	33	105	109	6	13	8	2	9	17	31	9	0	104	19	29	23	25	78	0	103	89	0	95	36	100	78	79	0	18	25	23	103	75	0	107	82	20	87	10
48027	0	0	0	0	0	0	0	0	0	0	0	0	81	0	83	0	0	0	0	0	0	0	35	0	0	11	0	0	81	30	0	0	0	0	0	0	0	0	0	0	0	0	0	30	4	70	0	0	100	0	104	0	0	0	58	0	0	0	0	0	0	0	0	0	0	0	68	0	0	0	0	0	18	0	0	0	0	0	0	0	0	0	0	0	0	27	0	40	0	0	63	0	0	0	0	0
48066	76	0	118	0	0	98	115	0	121	119	84	115	0	0	0	126	135	49	39	71	0	111	0	0	90	0	0	0	0	0	119	35	137	111	40	0	127	111	0	111	78	0	45	65	0	0	0	112	0	110	0	121	114	0	109	88	0	0	122	106	0	128	0	112	58	121	0	0	0	69	0	0	0	0	0	42	109	0	124	128	0	85	0	0	0	0	0	0	0	135	0	0	0	0	39	0
48067	20	0	32	10	0	0	52	0	35	0	0	102	28	0	103	45	41	0	53	0	0	32	0	0	94	0	0	100	46	0	73	60	91	23	0	0	81	0	75	8	14	25	0	100	0	84	0	73	36	90	39	27	89	38	110	32	0	52	39	77	76	40	63	74	26	85	81	0	54	61	77	0	55	60	47	0	74	0	91	42	0	19	0	0	0	58	0	0	40	55	0	0	0	37	0	83
48081	0	0	0	0	0	0	0	0	0	0	0	16	82	0	66	0	0	0	0	0	0	0	33	0	0	0	0	0	0	56	0	0	0	0	0	0	0	0	0	0	0	0	0	0	0	27	0	0	41	0	29	0	0	0	0	0	0	0	0	0	0	0	0	0	0	0	63	0	0	0	0	0	36	0	0	0	0	0	0	0	0	0	0	0	25	41	0	47	0	0	96	0	0	0	0	0
48087	0	0	83	97	105	103	94	0	81	89	20	100	10	0	6	109	38	105	103	0	11	93	26	0	72	0	0	0	14	23	91	0	96	107	119	86	105	0	5	102	0	0	0	0	6	1	0	0	21	91	0	107	91	49	0	0	115	19	102	89	0	0	0	0	0	0	5	0	0	96	0	30	32	0	77	0	102	105	0	100	0	78	93	80	0	0	0	35	97	108	20	95	96	0	113	0
48089	14	0	106	0	0	118	107	0	26	120	106	115	0	22	0	128	105	108	0	111	0	133	0	0	95	0	0	0	0	0	115	0	105	114	0	0	130	121	0	118	115	0	89	19	0	0	0	117	0	105	0	99	111	0	109	113	0	0	96	104	0	95	0	128	106	113	0	0	0	94	0	0	0	0	0	0	119	0	129	120	0	116	0	0	0	0	0	0	0	126	0	0	0	0	0	0
48098	29	6	107	0	12	103	101	19	45	92	88	105	14	56	9	89	106	50	12	107	17	100	6	40	112	17	0	32	0	12	108	6	111	79	4	24	118	87	37	94	123	30	67	0	24	0	35	106	13	125	0	99	105	31	119	95	0	11	116	134	0	105	21	104	102	117	40	15	0	103	30	26	24	6	28	0	131	30	92	100	12	104	0	0	0	8	16	5	0	89	0	30	0	19	22	28
48178	77	0	109	0	30	65	78	33	20	60	86	73	24	61	16	94	80	40	0	81	36	86	23	11	113	43	13	33	16	13	94	6	62	67	0	25	80	79	30	91	82	33	90	47	7	0	34	96	50	106	25	79	79	0	91	94	7	0	95	101	19	97	29	105	100	100	33	33	0	69	5	28	21	46	8	0	83	0	72	83	38	96	28	33	0	52	8	38	0	92	35	38	0	38	14	50
48179	0	0	0	0	0	28	9	0	0	0	0	26	78	0	106	0	0	0	16	0	0	0	54	28	0	31	0	26	57	72	0	0	0	27	0	0	13	0	21	0	0	0	0	18	0	41	12	0	50	0	38	0	0	0	51	0	0	31	0	10	0	0	19	0	0	0	73	16	0	24	0	0	46	0	0	6	0	0	0	0	18	0	0	0	11	11	41	61	0	13	49	11	0	14	20	0
48216	47	0	115	0	0	89	97	18	59	81	95	93	15	34	4	94	117	77	0	101	32	92	12	23	107	1	0	19	0	0	102	0	107	96	0	17	104	73	5	114	105	26	77	43	28	0	17	107	10	104	0	88	111	0	102	89	11	0	103	119	38	105	7	117	138	98	28	19	0	101	21	20	12	4	35	0	142	0	102	100	21	119	23	15	0	2	25	12	23	105	0	0	0	23	19	6
48221	34	50	60	0	48	66	27	53	0	65	54	3	0	63	25	28	83	30	0	37	67	45	68	79	66	29	65	0	7	29	28	4	20	75	67	36	55	51	42	41	41	83	0	54	18	22	0	0	97	56	36	0	37	78	79	1	0	0	70	60	0	21	0	80	91	0	29	0	39	80	54	54	89	0	82	73	0	82	0	69	70	73	0	0	51	75	78	13	82	14	18	0	0	0	74	31
48277	0	0	0	0	0	43	18	13	13	0	0	14	48	0	51	0	0	0	22	3	0	4	58	7	4	38	0	24	38	72	0	0	0	35	0	0	46	0	28	0	0	0	0	7	0	70	25	0	26	0	56	0	0	2	29	0	0	32	0	0	0	0	32	0	0	0	23	32	9	33	0	0	87	0	0	17	0	0	0	0	24	12	23	9	31	43	31	74	0	29	76	27	0	25	36	0
48288	65	0	124	0	10	104	121	16	49	113	89	109	22	50	0	107	106	42	0	99	8	115	0	0	118	2	12	8	0	15	135	0	107	102	11	2	118	93	20	125	112	15	100	38	0	0	33	118	18	113	0	102	96	0	117	124	0	0	106	119	0	115	34	110	107	124	13	0	0	74	0	11	15	10	1	0	123	0	102	102	1	103	0	17	0	5	0	6	0	105	0	27	0	16	0	22
48375	0	0	25	0	9	25	47	5	22	0	0	47	72	0	61	0	25	0	17	23	1	36	22	30	14	20	13	18	94	66	42	0	2	33	15	41	12	5	36	10	0	27	16	11	18	65	34	18	67	0	104	0	15	16	74	11	15	3	18	23	0	14	32	0	0	29	78	8	21	36	14	0	90	14	0	7	0	17	13	9	0	30	10	28	39	33	27	48	0	22	46	32	18	30	12	11
48383	13	26	95	81	88	81	72	22	97	79	52	88	0	0	10	79	80	80	105	34	23	90	0	10	115	13	3	32	23	0	101	16	107	103	107	83	102	19	16	101	12	24	14	22	73	10	0	40	0	105	31	62	107	51	47	30	86	16	106	112	9	25	0	27	10	51	38	0	24	106	33	35	24	32	67	0	115	66	44	106	0	106	97	100	23	40	29	0	92	83	23	86	84	25	99	18
48422	30	57	74	0	63	96	40	96	32	63	63	0	20	85	18	51	73	63	30	72	60	41	54	80	84	60	67	0	32	14	0	26	23	85	81	58	88	59	62	55	39	74	0	101	13	19	20	0	109	62	24	0	52	95	89	11	0	13	74	77	0	8	13	83	72	0	32	13	30	88	62	74	89	0	76	93	0	69	23	77	90	90	22	28	80	50	90	18	71	0	10	14	21	26	120	5
48431	0	0	0	0	0	47	20	33	0	0	0	0	99	0	91	0	0	0	27	15	0	0	33	23	26	24	0	0	77	85	8	0	0	37	0	0	24	0	31	0	0	0	0	17	0	51	38	0	30	0	64	0	0	10	19	0	0	52	0	0	0	0	4	0	0	0	93	29	0	42	0	0	32	0	0	38	0	0	0	0	44	0	20	15	56	9	42	47	0	4	47	8	0	28	43	0
48450	0	0	0	0	0	52	11	0	0	0	0	21	31	0	92	0	0	0	48	0	0	0	60	27	0	50	0	0	112	44	0	0	0	67	0	0	22	0	0	0	0	0	0	16	5	58	53	0	78	0	52	0	0	0	37	0	0	64	0	0	0	0	19	0	0	0	49	61	0	0	0	0	40	0	0	67	0	0	0	0	67	0	0	0	57	10	62	120	0	16	101	12	0	22	67	0
48459	0	0	111	95	70	105	102	0	95	108	113	124	0	0	0	133	101	124	77	18	47	116	0	0	130	0	0	0	0	0	114	0	116	100	79	93	100	24	0	107	34	0	39	0	0	0	0	27	0	120	0	116	124	1	26	28	81	56	106	110	0	33	0	31	30	36	0	0	0	102	0	29	0	0	53	0	106	77	41	120	0	117	84	76	0	0	0	0	77	117	0	81	71	0	72	0
48463	34	72	133	3	89	96	40	77	45	89	79	17	0	82	0	54	94	61	20	76	88	97	20	93	116	37	84	30	18	0	52	31	49	133	98	86	81	88	62	89	51	72	7	82	25	0	0	37	84	65	34	24	96	96	99	33	18	0	116	107	0	72	0	107	80	29	30	0	12	98	86	55	89	37	81	87	31	105	38	115	85	88	9	38	86	66	97	31	116	37	6	20	52	47	83	43
48479	0	0	119	106	103	104	88	6	100	75	64	93	0	31	4	81	105	90	71	31	31	100	0	26	114	0	40	17	14	27	99	13	131	139	110	86	84	8	16	111	0	16	34	15	22	0	3	37	35	92	37	92	115	84	19	14	124	26	116	89	12	12	9	29	28	24	37	0	8	100	14	10	38	27	76	13	85	113	12	113	0	123	89	106	25	15	12	12	100	98	22	124	93	8	103	26
48504	0	11	0	0	0	53	39	7	2	0	0	4	56	0	79	0	0	0	64	14	0	10	57	17	18	27	0	0	91	59	10	0	0	45	0	0	48	0	0	0	0	0	0	27	0	75	67	0	59	0	79	0	0	0	49	0	0	73	0	0	0	30	30	0	0	0	45	72	26	14	0	0	46	0	0	87	0	0	0	0	63	0	11	11	59	6	65	86	0	17	50	25	0	25	51	0
48525	16	66	98	0	71	91	70	73	18	69	96	33	17	64	25	76	90	59	5	74	65	80	41	57	87	0	66	0	0	3	58	13	48	108	75	53	89	91	47	73	64	73	17	65	19	6	0	48	78	93	3	26	86	70	105	11	0	0	87	99	0	49	0	86	85	27	10	0	6	77	53	52	82	0	73	81	23	72	27	84	75	104	0	0	70	61	51	5	47	54	0	0	0	28	72	15
48537	0	42	83	0	78	65	0	69	0	64	39	23	52	62	49	23	75	33	0	33	71	34	5	60	68	40	74	41	24	33	40	10	1	53	61	56	55	24	66	39	57	74	7	63	30	27	36	15	121	42	41	0	31	68	53	17	0	0	69	85	0	44	38	74	74	31	39	40	16	58	65	59	74	16	58	53	45	54	16	69	90	73	0	0	59	56	69	54	53	46	14	35	24	50	81	38
48552	0	57	72	0	63	94	0	71	0	53	61	0	25	70	8	58	64	65	4	71	75	64	14	75	52	21	88	0	30	29	0	0	0	67	75	84	72	64	69	72	60	70	0	84	16	15	15	0	75	65	17	0	70	66	79	0	0	26	78	86	0	0	0	86	82	0	20	17	0	46	78	80	83	0	72	79	0	66	0	70	73	89	0	0	81	94	89	34	82	11	47	0	0	52	87	0
48558	38	0	75	0	11	45	65	18	56	43	73	71	38	18	29	59	80	33	0	58	16	82	24	12	69	34	14	47	45	21	87	18	90	52	10	14	77	77	13	81	81	42	66	49	24	26	50	95	56	90	39	62	93	0	99	92	7	0	67	88	0	86	5	98	92	91	34	18	0	66	3	24	16	10	10	20	65	0	70	96	11	78	0	2	0	0	21	39	0	97	24	15	0	10	24	18
48562	0	0	0	0	0	5	25	0	0	0	0	30	64	0	68	0	0	0	0	0	0	0	76	21	0	29	0	0	66	20	0	0	0	13	0	0	0	0	0	0	0	0	0	13	24	66	13	0	86	0	102	0	0	0	88	0	0	12	0	0	0	0	0	0	0	0	66	24	0	0	0	0	60	0	0	32	0	0	0	0	7	0	0	0	11	44	11	73	0	0	66	0	0	0	22	0
48585	0	0	0	0	0	33	0	0	0	0	0	27	87	0	94	0	0	0	36	0	0	19	20	0	0	34	0	0	72	69	19	0	0	32	0	0	10	0	6	0	0	0	0	0	0	74	23	0	55	0	60	0	0	0	28	0	0	46	0	13	0	0	33	0	0	0	59	20	10	40	0	0	21	0	0	43	0	0	0	0	32	13	0	0	36	15	30	51	0	48	64	35	0	34	36	0
48589	28	0	122	0	0	114	135	0	31	98	104	116	0	31	0	127	110	82	23	94	0	132	0	0	88	0	0	0	0	0	141	42	122	123	18	0	122	124	0	106	89	0	80	0	0	0	10	127	0	129	0	121	121	0	124	108	0	0	106	98	0	119	0	109	94	107	0	0	0	87	0	0	0	0	0	15	123	0	108	120	0	129	0	0	0	0	0	0	0	130	0	0	0	0	0	0
48592	50	102	81	0	85	99	0	71	0	71	46	10	15	83	22	52	96	41	0	47	87	37	67	96	85	53	77	0	3	22	8	0	24	91	97	48	91	88	60	54	74	87	0	106	13	0	0	0	109	68	10	0	51	105	99	0	0	0	106	89	0	31	0	103	96	0	0	0	46	119	55	89	86	0	89	86	0	90	0	73	95	89	0	0	110	57	89	38	86	0	22	0	0	55	94	38
48606	61	0	91	0	0	109	98	0	51	121	85	141	0	33	0	105	113	56	24	103	0	133	0	0	101	0	0	0	0	0	110	0	121	105	25	0	122	114	0	101	97	0	79	28	0	0	0	103	0	114	0	116	115	0	117	100	0	0	114	118	0	109	0	100	105	116	0	0	0	92	0	0	0	0	0	24	113	0	126	108	0	106	0	0	0	0	0	0	0	112	0	0	0	0	12	0
48635	0	75	62	0	63	72	28	70	0	66	93	19	0	81	24	71	62	59	0	74	70	58	42	79	78	19	60	0	21	9	0	0	0	85	72	63	110	62	75	63	72	59	0	81	0	12	0	0	91	68	30	0	71	76	110	0	0	0	62	73	0	0	0	88	92	0	0	0	0	72	81	74	96	0	62	61	0	66	0	72	75	63	0	0	74	86	74	23	60	0	35	0	0	25	51	0
48645	67	0	129	0	0	95	119	8	40	91	79	102	9	64	0	126	127	58	0	101	0	102	20	16	110	0	0	17	0	0	114	18	135	121	0	0	116	81	10	119	129	11	88	26	0	0	18	94	0	123	0	113	115	0	93	103	0	0	114	114	0	107	0	136	109	109	0	0	0	107	0	0	0	0	0	35	106	0	124	110	0	120	0	0	0	0	0	0	0	113	0	0	0	19	24	0
48689	40	0	74	0	0	26	76	0	22	41	51	66	38	0	37	76	82	49	0	36	0	70	0	39	45	0	0	38	0	34	64	29	78	66	0	0	76	45	0	81	69	60	30	42	0	0	42	70	0	83	0	81	70	0	70	93	0	0	70	77	0	77	0	87	81	93	46	0	0	44	0	0	0	0	0	55	79	0	84	62	0	68	0	0	0	0	0	0	0	83	34	0	0	0	46	0
48698	0	0	82	78	73	75	61	0	68	73	61	68	43	0	42	71	82	77	76	0	0	73	0	0	81	0	0	0	13	21	68	0	73	90	79	86	82	0	0	74	0	0	0	0	28	17	0	0	41	75	16	77	59	51	26	0	81	22	87	79	0	0	0	0	0	0	31	0	0	80	0	20	0	0	43	0	73	63	0	82	0	84	59	75	0	0	0	0	70	92	0	75	68	0	93	0
48702	0	0	0	0	0	0	0	0	0	0	0	122	0	0	110	0	0	0	115	0	0	0	0	0	111	0	0	122	0	0	124	112	126	0	0	0	128	0	134	0	0	0	0	119	0	104	0	0	0	121	0	0	132	0	103	0	0	115	0	123	108	0	107	108	0	104	111	0	123	0	104	0	129	127	0	0	124	0	139	0	0	0	0	0	0	114	0	0	0	0	0	0	0	0	0	117
48741	0	0	0	0	0	0	0	0	0	0	0	0	0	0	126	0	0	0	119	129	105	0	0	0	109	0	0	95	0	0	117	0	123	0	0	0	121	0	117	0	0	0	0	123	0	84	0	0	0	126	0	123	116	0	125	0	0	112	0	121	121	0	123	107	0	107	108	0	111	0	125	0	0	101	0	0	115	0	123	0	0	0	0	0	0	0	0	0	0	0	0	0	0	0	0	121
