host	site1	site2	site3	site4	site5	site6	site7	site8	site9	site10	site11	site12	site13	site14	site15	site16	site17	site18	site19	site20	site21	site22	site23	site24	site25	site26	site27	site28	site29	site30	site31	site32	site33	site34	site35	site36	site37	site38	site39	site40	site41	site42	site43	site44	site45	site46	site47	site48	site49	site50	site51	site52	site53	site54	site55	site56	site57	site58	site59	site60	site61	site62	site63	site64	site65	site66	site67	site68	site69	site70	site71	site72	site73	site74	site75	site76	site77	site78	site79	site80	site81	site82	site83	site84	site85	site86	site87	site88	site89	site90	site91	site92	site93	site94	site95	site96
21657	114	127	106	114	121	121	122	104	104	112	106	112	128	113	117	102	118	103	101	117	98	116	0	105	95	107	120	125	131	102	119	116	113	94	115	134	115	121	111	122	125	116	126	120	100	0	106	146	0	128	0	113	107	109	100	110	119	116	113	107	114	112	118	124	115	126	115	112	117	121	121	119	0	118	115	100	117	108	106	109	126	116	112	114	121	0	121	0	110	123	0	125	108	121	121	121
23508	119	109	120	101	127	108	0	110	108	122	126	0	123	117	122	105	120	100	111	94	117	131	0	0	104	131	120	108	0	104	112	120	105	114	140	128	131	104	124	108	110	126	103	143	121	0	119	119	0	137	0	120	110	118	0	125	120	126	111	129	121	113	122	103	128	117	122	118	103	109	108	130	0	120	109	109	119	124	116	103	104	132	111	125	106	0	110	0	134	108	116	99	116	132	115	118
24487	102	95	99	106	115	127	129	115	136	112	118	133	128	106	111	119	109	97	126	106	110	126	0	112	118	107	111	110	123	106	126	125	114	122	112	125	129	107	124	121	102	97	84	125	103	0	108	128	0	119	0	118	116	117	112	129	92	119	112	107	112	106	114	107	119	123	125	122	130	119	106	111	0	131	116	121	116	91	122	118	138	99	125	99	109	0	117	0	122	98	0	114	116	119	93	124
25225	121	101	0	108	122	125	0	99	0	108	98	0	118	117	135	0	0	0	99	0	114	0	116	98	0	111	106	119	129	113	98	91	0	0	112	104	0	96	106	0	0	137	111	114	106	117	105	0	120	0	129	0	0	104	0	0	108	110	0	0	0	0	126	0	0	0	116	95	101	0	123	103	123	138	114	103	0	120	0	0	123	0	94	118	121	112	130	129	118	0	110	115	134	0	128	107
26120	100	104	105	134	128	107	123	105	126	127	132	116	0	115	0	107	114	112	107	122	140	117	116	122	129	117	112	110	94	0	0	110	131	122	115	109	101	112	115	89	92	122	114	100	119	123	123	122	123	130	87	104	119	106	99	129	128	112	107	108	122	115	117	116	122	102	0	138	113	111	115	125	140	116	121	109	112	101	115	130	122	112	118	107	115	121	108	95	132	119	0	102	128	106	117	117
27381	126	122	138	95	138	0	0	0	0	113	120	129	0	117	112	100	105	124	0	0	124	93	128	128	0	0	104	121	0	0	117	114	106	0	114	123	0	119	134	123	119	121	123	0	131	0	0	132	136	125	0	113	110	0	0	116	112	0	98	123	106	96	0	99	117	117	0	0	104	0	115	107	0	98	110	0	110	115	125	119	0	124	0	0	0	115	0	133	102	94	110	0	86	0	0	116
28727	114	103	100	122	105	116	131	118	114	103	101	121	102	111	104	109	119	121	113	114	112	134	0	123	119	122	109	113	101	124	120	106	96	100	111	113	122	107	101	127	118	128	121	112	105	0	111	108	0	117	0	109	116	129	137	109	100	105	97	105	119	114	116	114	117	121	118	113	111	119	101	112	0	110	114	136	110	115	115	111	113	121	109	115	133	0	129	0	106	130	0	129	108	103	102	111
30140	105	120	136	121	118	0	107	110	96	120	122	143	0	127	0	107	121	98	0	122	117	138	109	130	129	122	101	102	0	0	105	94	107	0	124	126	127	117	116	134	116	95	114	136	108	98	0	122	119	137	139	112	119	110	142	118	102	0	129	126	119	116	102	123	126	122	0	0	102	96	137	97	124	103	137	0	112	110	107	118	0	122	121	113	0	125	0	0	122	117	0	104	129	111	0	107
30771	109	108	116	131	92	116	112	118	116	106	110	118	118	132	129	122	108	103	97	101	112	121	0	123	119	114	107	133	95	109	105	105	109	117	133	125	103	105	116	113	120	93	119	116	131	0	135	127	0	127	0	103	108	108	86	116	131	98	103	119	127	105	93	113	113	102	123	118	128	109	111	113	0	118	106	111	132	126	127	109	119	124	125	121	122	0	108	0	129	114	0	132	119	115	121	135
31272	109	111	102	105	117	113	115	117	91	121	119	129	0	139	0	112	112	109	113	122	139	129	141	126	112	122	114	101	0	113	116	104	131	116	108	123	100	123	125	109	119	116	115	116	118	0	122	113	0	105	0	118	118	122	0	115	110	113	118	112	117	125	104	120	112	115	0	138	121	109	130	118	119	133	124	123	97	107	114	98	133	106	109	115	125	121	116	108	111	100	110	118	97	113	116	111
31835	117	119	124	101	125	0	114	113	116	118	107	143	112	109	0	107	116	112	0	106	109	107	118	103	109	0	130	108	0	0	121	118	106	0	105	120	0	109	125	113	131	114	116	112	116	0	0	120	108	109	104	101	105	121	115	111	105	0	99	94	119	116	0	137	120	110	113	0	112	130	114	127	0	120	109	0	113	107	104	109	0	103	108	114	0	104	0	0	108	0	121	0	123	0	0	113
33166	111	108	114	130	112	0	109	111	114	129	114	91	135	111	0	130	124	114	0	124	97	121	124	115	128	0	105	123	0	0	119	133	125	0	121	117	0	113	133	114	118	98	101	117	132	0	0	136	127	124	122	130	118	124	107	149	120	0	118	110	107	126	0	107	108	131	108	0	116	110	108	94	0	127	120	0	101	134	128	114	0	130	95	101	0	109	0	0	112	0	110	0	114	0	0	101
33715	109	116	104	117	115	110	125	126	95	108	103	107	0	128	0	115	128	110	108	128	120	101	114	110	116	119	110	120	130	0	121	126	122	104	116	118	107	92	109	111	123	114	132	117	127	118	95	112	129	110	131	105	130	143	106	110	123	111	137	120	113	116	106	121	102	112	0	107	103	111	121	135	108	108	110	115	117	121	98	100	107	108	133	111	108	126	96	119	126	110	0	103	112	102	119	118
34050	120	96	127	111	103	112	0	105	113	107	104	0	134	126	117	111	126	117	124	131	125	108	0	0	119	112	118	117	0	117	121	112	107	105	90	118	93	102	135	115	120	116	119	123	118	0	109	122	0	118	0	106	110	121	0	98	117	122	115	108	140	111	108	111	106	102	127	136	125	95	106	114	0	127	130	121	129	124	127	105	120	130	106	103	137	0	125	0	104	125	109	110	127	118	118	120
34142	105	85	114	124	123	114	113	104	111	120	128	54	105	117	124	120	128	103	112	121	131	115	53	114	125	122	135	91	110	126	114	125	109	110	110	119	123	115	105	126	120	100	122	117	99	64	112	112	0	118	57	92	115	108	124	114	118	114	121	103	96	115	114	107	103	120	108	98	130	106	116	128	64	126	123	113	136	120	104	99	109	115	100	119	64	57	114	0	116	107	74	118	111	93	118	120
34896	118	104	114	112	119	117	98	103	101	117	132	110	0	122	0	118	134	106	113	127	112	106	96	113	109	128	106	143	118	0	108	110	112	101	118	116	136	144	117	130	117	120	115	117	114	125	102	131	124	128	138	120	95	119	109	128	110	124	133	113	111	131	108	114	136	105	0	142	116	125	117	138	128	106	120	119	128	118	119	120	120	139	115	124	103	112	115	98	122	127	0	133	106	125	110	118
34898	113	131	127	102	105	108	111	100	108	104	109	106	119	103	124	111	135	120	111	110	97	120	0	113	126	113	94	114	127	108	96	127	116	109	121	120	117	112	139	122	121	128	112	96	119	0	108	134	0	106	0	98	131	149	118	113	122	111	99	119	109	131	118	134	118	130	131	104	119	137	106	111	0	112	113	110	114	131	120	100	133	127	133	125	120	0	110	0	115	115	0	117	125	119	105	119
34978	92	108	116	107	99	134	89	93	100	111	116	110	0	116	0	116	123	143	116	110	117	113	112	102	122	103	112	127	118	0	146	119	121	120	121	117	114	111	108	113	127	121	95	133	123	106	116	141	105	121	114	116	109	141	102	116	117	121	136	109	110	100	123	115	95	129	0	118	100	102	111	114	101	121	118	107	111	137	114	114	102	105	110	119	118	107	124	117	119	103	0	106	115	111	107	111
35201	134	111	119	112	121	122	112	100	121	133	106	104	0	140	0	120	118	103	106	125	101	100	115	129	115	119	128	118	0	108	108	106	98	122	146	106	111	120	113	123	107	127	93	101	106	0	113	102	0	118	0	98	109	104	0	135	121	110	119	125	117	111	107	117	102	122	0	116	135	125	111	100	129	128	101	124	104	117	107	116	98	113	118	102	127	104	106	110	115	125	128	114	108	111	126	113
35628	126	117	124	107	108	100	52	105	134	113	132	67	56	113	74	134	117	114	113	112	118	122	67	74	131	120	113	120	0	104	126	122	99	111	109	133	121	108	101	104	137	103	116	125	124	0	131	106	0	130	0	126	129	122	0	110	96	123	125	111	117	106	120	97	113	120	46	110	121	99	111	110	53	133	115	121	116	133	106	114	124	101	99	125	106	46	125	62	101	131	112	97	110	129	105	108
36046	109	136	112	104	121	111	139	115	100	114	105	112	0	103	0	123	126	127	118	110	93	99	112	117	114	107	120	128	0	113	114	112	113	92	132	116	96	132	126	114	118	113	126	136	121	0	110	108	0	108	0	129	105	102	0	108	127	111	89	116	126	135	109	107	121	109	0	115	102	109	100	116	123	117	103	118	117	117	113	124	115	94	120	123	119	108	106	121	113	115	135	101	123	127	107	96
36785	105	95	125	99	131	114	129	111	115	116	126	98	0	127	0	109	129	121	107	131	112	139	105	96	104	125	112	99	103	0	105	114	127	109	125	120	106	110	117	115	128	109	109	132	126	105	112	119	123	117	115	127	107	125	126	97	106	140	132	102	116	109	129	102	106	109	0	104	115	129	107	129	104	103	107	114	125	135	106	109	106	121	103	117	130	104	117	112	118	112	0	110	117	103	113	110
37055	108	103	135	108	113	0	113	105	99	105	108	96	101	124	0	115	129	120	0	132	122	132	99	101	129	0	125	103	0	0	118	120	112	0	108	106	0	104	114	118	115	107	104	117	108	0	0	135	109	118	122	106	120	115	108	114	105	0	111	115	102	132	0	119	104	117	121	0	118	117	111	111	0	128	114	0	110	128	113	121	0	118	104	124	0	104	0	0	106	0	112	0	99	0	0	105
37851	123	115	119	112	97	119	108	114	118	124	108	121	0	117	0	107	114	122	107	119	133	125	119	129	108	106	105	109	115	0	110	124	113	112	104	137	131	119	117	112	110	130	119	114	101	125	120	118	111	127	112	96	107	100	99	116	118	121	101	119	107	109	110	108	108	105	0	106	122	120	106	123	141	120	116	108	111	103	106	112	113	124	116	118	133	115	110	104	109	113	0	97	108	112	122	109
37965	137	0	102	131	129	108	0	124	126	117	108	115	105	112	0	115	110	130	110	125	127	0	0	0	133	100	136	0	0	0	0	112	121	107	107	108	111	125	120	108	114	117	123	104	115	0	0	115	108	106	0	98	123	120	97	121	103	102	135	119	121	0	117	129	107	105	112	128	0	115	116	108	0	96	127	96	98	105	111	116	126	114	119	119	100	113	133	113	109	120	120	106	123	116	102	131
38005	110	132	99	93	133	121	108	130	98	116	111	114	0	138	0	106	110	122	112	116	87	126	91	105	111	109	112	117	111	0	105	121	118	95	116	116	111	108	135	113	120	116	89	118	115	131	124	115	111	112	99	120	112	113	149	114	114	128	102	99	108	111	118	111	115	129	0	138	118	127	125	105	87	103	105	112	103	112	120	121	113	127	104	116	108	120	115	101	119	114	0	110	86	118	124	117
38615	112	126	114	136	113	105	90	111	109	112	101	110	0	116	0	119	118	114	124	98	91	134	118	117	116	115	116	122	0	121	101	102	127	101	129	101	118	117	101	120	114	109	110	114	114	0	133	116	0	105	0	117	118	109	0	120	98	124	115	116	110	106	98	113	103	113	0	111	113	122	130	125	122	116	100	99	104	104	136	113	125	112	135	101	108	113	119	112	111	115	104	111	126	97	103	126
38620	113	122	125	129	104	110	111	120	93	105	120	126	0	122	0	108	124	130	125	131	112	117	103	132	94	120	102	116	117	0	117	133	112	118	131	128	123	98	104	96	140	110	100	102	123	113	107	110	117	105	109	137	111	109	127	109	101	123	106	116	95	120	109	122	129	104	0	115	105	124	109	134	114	118	121	106	109	121	106	119	114	129	103	118	101	140	94	133	110	133	0	124	110	123	118	115
38710	132	96	132	115	109	129	101	120	106	115	107	124	0	116	0	132	124	101	109	91	118	125	117	126	125	130	123	135	128	0	118	114	114	126	123	109	112	107	122	106	83	100	101	114	113	108	102	127	104	136	109	116	114	128	97	107	127	101	107	91	115	128	116	123	112	110	0	112	96	121	127	121	107	129	102	111	118	119	105	119	116	123	130	111	118	105	113	117	102	118	0	129	137	128	106	125
38874	109	103	109	104	128	0	110	92	116	120	122	120	115	118	0	123	114	111	0	122	107	140	140	110	107	0	102	114	0	0	100	109	115	0	137	120	0	99	106	121	113	134	110	106	122	0	0	120	149	115	106	115	114	112	107	105	101	0	113	116	113	109	0	137	113	139	134	0	104	111	111	125	0	111	117	0	114	120	127	123	0	142	110	112	0	109	0	0	105	0	119	0	117	0	0	101
38878	132	99	125	115	105	0	117	108	100	112	116	129	114	111	0	112	111	128	0	126	125	105	96	130	108	0	113	116	0	0	121	104	135	0	112	121	0	103	121	90	128	102	111	105	116	0	0	100	124	117	145	115	116	115	122	116	119	0	94	111	118	128	0	116	108	139	120	0	118	120	133	126	0	114	129	0	100	94	126	126	0	132	128	108	0	134	0	0	121	0	122	0	132	0	0	109
39276	119	101	93	65	125	110	119	123	110	121	117	38	50	129	0	128	125	108	59	126	116	117	129	120	67	112	100	75	115	55	77	56	75	125	130	111	52	120	47	111	123	123	107	62	120	53	118	51	123	45	126	110	47	101	80	114	131	40	125	78	67	120	60	70	117	54	0	110	60	134	44	120	57	60	97	109	63	115	66	108	119	132	118	105	110	58	128	114	112	68	62	102	114	108	125	69
39570	107	119	125	108	103	100	111	108	102	115	124	124	102	124	107	122	112	112	95	119	132	118	0	121	127	113	125	119	124	112	113	124	113	120	126	117	108	106	100	141	130	109	126	109	122	0	103	98	0	123	0	110	93	119	127	117	115	108	126	147	129	115	98	113	116	112	128	128	102	111	113	121	0	108	111	95	110	100	108	118	111	132	104	123	105	0	94	0	115	106	0	120	121	121	111	119
40168	112	119	128	109	105	123	110	81	112	104	115	125	0	117	0	102	110	108	95	109	102	118	109	108	113	108	109	150	0	100	101	104	99	123	116	124	116	107	114	102	112	132	88	101	106	0	102	96	0	121	0	131	129	106	0	116	141	99	114	128	114	122	114	122	115	112	0	131	109	93	120	132	118	126	103	131	117	125	108	136	120	113	114	117	101	99	135	112	114	117	120	118	130	117	107	103
40214	105	97	122	116	121	107	136	112	122	122	117	125	0	103	0	117	114	114	113	109	117	111	132	106	117	110	98	104	103	0	125	122	123	115	109	103	122	109	98	141	112	127	121	114	114	125	125	127	106	127	123	115	102	112	97	118	103	138	106	135	123	109	103	123	108	123	0	110	107	126	114	98	98	115	122	132	134	133	103	102	106	109	120	111	112	121	129	134	107	103	0	109	130	114	125	116
40258	119	114	125	102	126	0	124	107	113	112	121	114	118	114	0	122	116	116	0	124	109	120	138	124	113	0	102	130	0	0	89	113	114	0	116	123	0	115	93	127	120	118	100	107	117	0	0	103	109	101	120	114	119	115	119	100	127	0	105	129	102	106	0	117	113	110	122	0	115	116	126	114	0	120	122	0	119	111	123	127	0	116	121	124	0	115	0	0	127	0	120	0	115	0	0	125
40439	116	121	111	114	115	67	102	97	133	111	109	127	63	105	54	119	127	103	45	104	104	103	65	113	122	110	119	101	48	65	113	117	116	52	115	123	116	102	126	116	122	114	110	122	98	49	60	114	45	121	49	100	106	96	112	113	119	59	123	122	123	123	105	113	121	112	46	69	111	142	106	112	53	121	124	54	108	109	110	132	53	104	111	120	48	62	56	0	111	111	0	136	114	131	54	115
40767	101	119	129	122	127	0	126	117	119	112	116	119	121	115	0	114	91	104	0	100	109	102	122	103	122	0	132	126	0	0	134	112	111	0	129	111	0	116	116	101	119	121	108	124	99	0	0	116	118	99	100	112	122	99	121	117	110	0	121	115	116	110	0	105	106	153	104	0	100	123	113	118	0	105	117	0	104	119	119	120	0	95	104	135	0	100	0	0	121	0	116	0	101	0	0	117
40947	103	117	106	124	115	94	119	121	117	134	98	106	0	106	0	134	90	132	119	131	121	136	120	121	109	104	119	115	114	0	109	128	93	103	102	113	127	122	116	101	113	103	99	92	126	112	99	119	121	127	115	107	118	128	129	119	99	125	117	117	120	114	112	114	89	126	0	127	96	114	126	110	106	106	106	101	121	93	116	113	125	115	131	116	114	112	112	115	127	98	0	104	103	106	119	117
41217	110	106	103	128	103	0	104	117	112	123	98	124	0	112	0	121	90	125	0	130	107	131	112	121	116	122	103	109	0	0	123	106	120	0	101	113	117	112	119	96	98	110	119	110	114	99	0	106	104	134	137	132	104	112	113	125	108	0	115	94	121	114	111	121	116	119	0	0	126	125	121	110	116	118	120	0	117	108	138	130	0	122	116	113	0	115	0	0	114	111	0	107	119	120	0	120
41339	118	116	101	110	132	136	118	124	126	116	125	110	0	113	0	127	95	113	121	117	122	112	112	97	115	103	100	100	109	0	116	110	146	111	115	106	120	118	98	121	101	102	139	113	128	121	107	115	129	107	134	111	109	103	129	129	110	116	114	116	91	113	104	107	112	100	0	125	114	104	98	118	112	116	112	108	104	106	117	111	133	122	134	100	119	122	98	123	109	116	0	113	123	126	84	115
41492	110	112	123	100	106	123	107	104	124	101	92	97	110	119	113	124	125	122	103	111	111	111	0	106	110	98	106	109	99	120	127	117	104	105	118	122	128	111	103	104	100	133	124	108	119	0	108	111	0	130	0	115	89	111	124	127	118	107	102	111	104	118	124	126	120	118	103	131	100	121	96	106	0	105	114	120	121	113	113	121	116	124	106	98	108	0	102	0	113	97	0	126	123	109	129	124
41582	120	138	136	115	99	124	103	115	115	120	121	94	64	128	45	105	122	116	95	79	78	70	103	105	109	114	132	86	29	64	46	102	76	127	121	134	82	123	43	125	98	107	116	101	115	56	121	104	89	70	40	104	78	99	28	111	101	92	122	39	73	114	116	76	104	77	25	115	39	70	65	97	108	90	115	113	78	118	77	98	96	91	104	129	62	126	108	84	117	69	75	103	118	116	119	97
41736	120	108	112	93	97	131	102	112	116	109	117	123	0	113	0	107	120	126	119	102	122	106	109	105	110	114	116	113	0	108	117	111	117	123	107	104	97	113	107	113	109	101	127	127	108	0	112	86	0	126	0	115	135	132	0	134	132	98	120	122	111	120	113	116	119	99	0	123	135	133	114	108	113	128	141	129	122	103	122	134	111	138	119	148	103	100	124	114	104	135	121	127	118	105	116	116
41924	113	132	112	118	130	119	123	121	110	102	123	120	0	104	0	135	116	124	115	94	119	97	114	124	108	115	110	113	0	114	125	116	112	102	128	102	107	115	133	94	118	134	129	138	125	0	83	114	0	123	0	139	117	114	0	115	96	109	126	131	115	126	115	98	104	122	0	109	119	110	125	104	121	111	108	125	108	123	119	117	102	120	105	125	137	118	110	123	117	115	109	108	122	130	126	128
42209	94	108	132	107	106	116	113	126	127	103	103	116	119	131	0	116	100	123	0	0	0	104	113	113	0	110	131	0	107	99	0	97	0	110	109	113	0	111	0	123	133	127	124	0	105	0	132	91	126	0	121	0	0	103	0	142	114	0	119	0	0	104	0	0	109	0	0	112	0	95	0	94	105	0	108	135	0	113	0	117	110	116	116	122	120	111	110	126	111	92	132	118	113	108	120	0
42371	101	106	112	111	118	118	113	122	144	117	111	99	0	128	0	126	132	120	112	110	120	126	132	113	121	91	124	104	0	139	122	107	110	114	118	110	123	145	111	117	111	101	126	129	104	0	117	134	0	120	0	116	125	119	0	111	96	127	121	106	119	109	100	108	122	119	0	141	116	114	117	103	123	126	142	129	97	107	119	144	119	117	117	110	99	120	121	112	139	126	106	89	113	97	106	115
42374	106	112	95	102	118	133	0	114	116	118	110	0	122	122	110	112	103	124	123	99	103	108	0	0	121	111	114	108	0	112	125	116	100	116	120	112	131	116	105	91	131	112	102	130	108	0	125	115	0	121	0	104	107	97	0	123	122	139	112	130	108	103	110	103	118	111	108	136	134	110	123	95	0	145	117	104	115	132	101	116	122	100	113	120	116	0	105	0	99	122	116	108	102	122	117	103
42405	122	135	102	123	113	115	116	111	127	110	115	108	0	112	0	105	92	113	120	120	118	110	122	124	118	125	113	103	100	0	115	112	122	126	140	105	115	116	114	115	103	117	107	129	97	118	103	129	116	102	130	119	126	113	121	96	131	109	106	109	121	106	121	107	120	95	0	119	123	123	112	137	124	108	120	120	118	118	107	95	122	108	122	93	102	131	117	103	108	116	0	115	118	107	115	122
42549	117	100	111	115	110	141	117	109	98	105	128	107	32	114	35	111	104	94	117	102	120	118	98	109	103	120	118	99	68	79	124	128	129	130	131	124	116	107	120	104	109	123	120	107	105	19	111	107	25	131	33	100	98	110	50	121	108	117	110	121	128	112	130	131	111	125	35	107	112	122	121	107	61	107	110	115	114	123	126	110	100	105	113	118	113	90	127	85	117	113	51	112	110	136	106	89
42649	108	148	101	127	110	111	111	124	0	118	108	121	90	127	0	125	116	114	0	96	123	136	116	110	0	118	114	0	108	111	0	0	107	104	112	100	0	90	0	112	107	127	120	0	123	0	117	0	110	0	117	115	0	95	0	108	111	0	128	0	0	125	0	0	128	0	0	122	0	0	0	121	0	121	0	135	0	113	0	115	109	133	121	122	122	0	116	123	111	0	127	115	106	112	126	0
42688	139	121	105	124	128	110	130	111	127	109	120	115	69	131	88	125	122	130	111	116	112	117	35	117	121	93	120	102	124	75	114	106	118	131	109	119	130	110	102	119	128	103	112	119	123	31	125	135	33	107	34	120	122	120	112	118	112	113	112	102	114	118	135	122	114	122	66	121	124	106	112	115	44	124	126	122	127	132	123	116	110	110	130	123	106	40	95	34	117	102	0	109	122	127	124	123
42794	117	116	122	123	128	112	122	142	129	93	120	121	0	101	0	105	114	106	96	116	116	105	109	115	125	128	134	112	0	129	106	126	115	103	92	110	130	122	97	127	118	123	118	129	118	0	120	108	0	127	0	121	112	108	0	117	106	109	116	118	101	113	111	106	90	114	0	111	117	126	105	101	101	140	134	132	128	113	116	126	112	115	132	129	94	112	123	119	111	121	105	118	115	115	114	108
42795	122	111	116	108	126	108	108	117	126	100	116	109	119	102	115	108	141	140	114	126	121	101	0	110	107	116	112	107	120	108	112	113	115	105	118	120	104	91	110	118	121	124	108	104	135	0	119	115	0	122	0	120	125	109	114	96	116	129	108	91	125	97	126	129	105	107	124	129	107	106	115	101	0	115	111	91	132	125	131	126	119	92	115	103	115	0	90	0	117	98	0	107	103	111	113	108
42955	110	116	116	119	121	124	64	144	129	117	122	54	118	102	99	124	111	124	121	109	119	113	0	35	114	116	113	101	67	100	111	132	101	106	109	82	123	113	114	107	120	127	128	92	133	0	130	102	0	122	0	106	107	112	57	119	101	130	103	118	92	117	115	113	113	127	104	93	111	133	122	124	0	133	115	120	144	117	104	98	124	98	117	122	106	0	120	0	138	119	66	117	122	112	119	120
42997	128	132	122	131	114	98	113	110	99	120	115	123	0	95	0	112	114	114	115	119	125	124	100	113	130	117	107	117	0	104	115	117	126	109	111	117	114	126	117	141	114	112	134	111	133	0	114	120	0	126	0	103	131	111	0	111	118	113	118	110	117	116	102	123	124	110	0	129	119	113	111	110	129	111	124	102	119	102	109	102	109	113	102	114	105	111	130	122	106	111	123	116	134	132	102	133
43061	114	132	115	108	112	98	0	113	118	100	105	0	107	122	102	127	131	112	103	116	110	105	0	0	125	95	124	120	0	125	144	133	113	123	112	105	95	125	103	104	105	96	123	105	125	0	115	102	0	118	0	130	102	121	0	104	131	102	131	130	118	120	103	116	118	132	112	139	117	132	109	99	0	99	115	111	113	116	119	110	108	126	115	120	112	0	109	0	114	110	112	113	104	119	117	111
43241	124	129	104	118	122	120	112	131	115	128	118	133	0	111	0	120	115	111	101	137	107	128	130	106	116	106	125	120	99	0	126	104	123	120	120	122	116	104	114	127	121	122	118	120	116	120	107	119	120	134	110	107	106	107	95	96	119	101	111	134	121	119	92	121	104	99	0	131	104	114	108	116	114	114	115	104	112	122	98	129	105	108	119	115	101	117	101	88	131	102	0	99	145	125	117	121
43528	128	126	110	114	129	64	118	107	118	101	115	110	0	121	0	116	128	126	114	115	98	106	63	125	115	114	119	53	146	0	120	114	121	117	108	108	112	124	60	106	121	119	117	117	115	104	138	108	129	112	115	150	104	112	120	110	124	105	117	62	123	127	114	124	119	110	0	125	109	53	105	128	121	111	120	110	126	104	101	113	117	111	106	121	105	113	108	115	100	124	0	121	96	100	100	100
43544	90	93	111	101	90	112	142	115	104	97	140	123	109	117	126	103	104	121	115	110	131	126	0	103	112	90	102	109	106	125	120	123	116	106	116	114	106	103	106	134	119	114	125	109	107	0	134	113	0	115	0	119	108	110	123	116	113	134	124	122	121	112	118	117	133	116	127	117	103	104	110	113	0	120	129	113	130	101	112	120	114	112	122	132	119	0	111	0	116	130	0	112	138	123	90	89
43554	97	101	97	113	93	116	124	124	123	114	106	123	0	94	0	137	114	93	103	117	122	133	115	131	123	114	98	114	110	0	114	118	126	107	109	121	110	126	129	118	115	111	108	123	121	113	120	118	121	106	115	115	112	123	117	104	111	110	124	99	130	112	124	133	119	97	0	102	115	104	114	105	118	126	108	128	107	112	131	102	135	129	113	107	115	129	103	94	106	107	0	114	121	114	103	113
43642	114	109	129	126	116	113	74	108	138	110	125	123	138	122	105	114	111	107	113	122	107	136	0	114	110	129	101	131	121	109	127	108	113	115	114	108	123	120	108	100	127	121	118	116	122	0	138	110	0	112	0	115	103	128	106	117	96	96	111	132	108	129	108	129	149	97	127	112	101	121	104	110	0	95	124	117	126	84	131	118	93	111	111	113	138	0	106	0	113	122	0	106	103	129	105	119
43649	0	0	122	88	119	124	95	122	102	103	122	128	133	108	0	111	137	115	0	0	134	102	119	0	0	127	0	0	0	94	0	0	0	109	112	126	0	135	115	0	113	101	108	0	0	114	122	101	100	0	130	109	109	101	0	103	115	0	113	0	0	0	101	134	101	0	0	134	0	0	0	0	0	0	0	116	0	109	0	0	119	103	116	115	104	0	0	130	107	0	120	124	128	125	112	115
43783	115	114	136	123	115	147	97	123	105	109	116	87	0	121	0	121	108	94	106	104	118	112	120	112	105	100	127	120	0	105	117	131	110	110	127	118	112	107	115	136	111	131	120	108	108	0	124	112	0	117	0	114	118	104	0	129	111	108	109	132	104	108	84	109	133	123	0	111	111	102	129	109	109	123	125	117	115	120	118	107	127	119	104	115	132	98	114	118	117	106	111	136	126	124	97	122
43829	102	102	114	0	132	117	109	113	123	101	124	0	127	103	0	108	111	110	0	122	109	106	117	118	0	116	141	0	102	120	0	0	0	93	124	106	0	112	0	127	105	112	113	0	115	0	111	0	90	0	122	116	0	125	0	99	112	0	98	0	0	111	0	0	109	0	0	122	0	114	0	104	0	0	126	113	0	109	0	114	119	120	115	108	109	0	109	115	118	0	120	125	127	136	126	0
43830	96	112	113	123	118	107	113	110	112	136	105	121	0	116	0	119	106	120	119	104	117	132	102	117	112	109	112	122	112	0	126	121	105	98	91	106	105	104	119	121	105	104	90	112	130	126	99	112	114	114	127	116	144	96	131	133	118	98	132	112	99	124	119	103	115	119	0	103	125	96	110	133	134	113	100	85	99	122	123	120	103	111	108	113	107	126	103	99	117	112	0	125	100	128	113	100
43850	138	137	132	125	108	0	100	130	108	116	131	111	0	117	0	118	123	130	108	121	140	102	0	0	115	111	101	116	0	0	107	108	96	119	107	118	126	129	111	125	129	112	131	118	120	115	120	124	102	125	103	106	111	103	120	117	105	105	120	115	118	121	110	114	114	133	0	96	119	109	101	126	112	113	96	117	96	121	134	119	117	113	100	103	105	118	100	101	111	88	120	113	119	105	126	113
43893	107	107	0	122	110	0	115	110	104	115	0	113	115	0	112	0	0	0	105	0	121	0	108	120	0	102	0	109	92	130	0	121	110	0	0	0	0	0	0	0	0	113	122	0	0	107	0	112	0	0	113	0	0	112	107	114	124	0	0	0	102	99	121	107	0	0	117	98	120	0	105	0	0	117	96	116	0	0	114	0	0	120	102	113	109	0	111	105	0	0	124	114	0	115	0	117
43928	108	109	106	112	115	102	114	111	105	124	108	119	0	100	0	97	110	100	132	121	99	127	114	111	98	118	133	117	109	0	96	120	125	110	138	119	107	117	136	112	129	111	102	123	116	102	115	116	122	101	135	119	99	117	124	119	124	122	111	106	125	121	123	84	119	121	0	110	117	122	121	112	109	93	131	115	104	129	122	115	115	117	97	114	112	120	105	122	115	121	0	109	120	125	122	115
44135	96	101	116	105	127	112	103	120	108	115	112	0	134	111	0	120	119	101	0	114	82	117	118	119	0	113	107	0	116	119	0	0	0	132	133	111	0	108	0	89	115	116	113	0	113	0	110	112	117	0	89	120	0	123	0	120	110	0	114	0	0	127	0	0	118	0	0	131	0	124	0	116	0	0	110	107	0	136	0	126	119	129	136	120	114	0	114	104	99	100	119	104	128	113	106	0
44142	111	134	115	112	109	128	135	126	96	136	105	146	131	135	0	108	104	125	110	125	116	124	0	114	120	0	96	111	0	102	119	119	120	94	109	105	111	120	105	94	130	95	110	0	0	101	129	110	0	116	0	134	117	116	0	126	124	127	114	97	99	111	122	95	111	99	118	114	123	95	109	98	113	118	118	124	114	102	120	117	107	117	114	132	111	103	119	0	125	128	0	107	117	137	105	111
44484	107	125	117	116	131	116	102	101	122	97	114	116	110	106	133	124	121	101	108	107	119	121	0	123	121	113	104	112	141	135	109	109	119	132	117	139	110	111	99	114	121	109	103	118	107	0	129	110	0	110	0	122	120	115	127	123	132	111	122	117	101	118	101	116	109	113	126	129	117	120	100	118	0	124	114	109	110	107	122	98	111	94	126	112	120	0	119	0	125	116	0	110	108	121	121	119
44707	117	116	109	130	105	0	118	130	122	118	109	105	0	115	0	111	127	101	0	126	117	118	117	111	108	112	113	107	0	0	98	112	135	0	106	120	113	133	114	105	110	125	111	115	109	122	0	104	100	111	109	134	113	113	112	114	102	0	115	112	123	119	107	110	105	135	0	0	96	97	109	109	127	120	106	0	126	120	115	138	0	104	122	106	0	116	0	0	132	129	0	131	122	120	0	110
44736	127	62	120	123	92	110	53	113	129	122	116	120	67	128	0	120	141	91	112	124	114	49	63	66	106	115	102	56	0	56	72	125	119	117	106	107	114	135	111	110	111	129	115	113	106	0	68	113	55	125	0	137	101	110	41	130	104	119	112	119	138	45	79	120	132	118	68	107	52	125	118	116	47	112	125	134	116	133	109	118	109	113	137	121	108	108	115	121	127	103	114	112	111	117	107	129
44750	105	117	90	117	117	105	117	132	111	97	121	109	110	114	120	124	142	110	103	109	112	120	0	121	110	118	114	133	133	119	108	120	111	100	127	124	126	107	107	144	118	110	93	127	117	0	106	101	0	117	0	132	89	124	120	112	111	106	112	125	105	107	92	119	89	104	125	122	116	124	105	114	0	97	138	119	98	109	97	115	114	113	106	121	115	0	113	0	127	109	0	122	136	98	116	108
44951	120	111	110	112	110	0	101	99	106	112	138	114	117	114	0	112	107	105	0	97	99	124	102	109	143	0	119	109	0	0	129	134	125	0	127	117	0	129	120	125	124	118	119	112	114	0	0	109	110	117	110	95	109	112	117	122	116	0	117	110	105	113	0	122	117	110	121	0	118	98	110	135	0	106	120	0	125	102	102	122	0	114	122	108	0	109	0	0	127	0	114	0	91	0	0	110
44973	117	117	122	114	111	127	109	105	112	106	117	122	64	110	46	107	125	115	112	116	135	145	52	114	136	107	108	119	59	105	104	118	110	106	111	109	98	131	110	121	112	114	110	120	128	0	130	117	0	124	0	105	126	110	65	136	111	128	116	112	116	109	142	111	103	105	75	116	124	120	117	118	57	133	113	97	141	113	133	121	104	101	117	140	121	62	116	75	120	114	40	116	131	106	106	108
45166	55	109	56	115	108	59	62	102	60	51	53	58	119	123	100	63	52	106	136	59	126	52	44	116	66	113	141	133	147	131	76	119	53	64	113	118	74	51	112	62	50	124	100	56	118	57	113	44	65	70	49	52	40	118	61	61	121	115	62	75	130	56	110	57	56	52	120	98	122	64	106	125	61	108	114	121	44	129	71	57	111	131	123	104	114	62	124	62	97	72	71	118	144	134	66	106
45199	137	100	102	116	136	134	94	106	125	109	139	120	0	122	0	107	116	109	122	120	114	123	123	105	104	125	122	100	0	121	114	105	114	117	101	125	134	124	130	114	122	104	118	132	101	0	123	97	0	123	0	113	120	95	0	114	117	126	110	108	114	103	112	113	116	113	0	106	123	101	98	125	109	121	108	108	132	115	114	87	88	104	112	128	103	130	116	124	121	99	107	116	119	103	126	113
45239	124	118	111	136	114	119	110	129	107	111	120	0	112	107	122	100	110	113	122	128	109	0	117	104	103	103	107	115	0	0	0	102	105	115	114	109	124	103	0	126	102	113	121	123	113	101	121	122	102	137	0	89	125	112	112	120	101	113	104	0	116	86	115	97	100	105	109	98	0	0	109	102	110	112	113	107	133	113	123	88	117	0	127	109	0	121	110	0	142	0	0	109	102	107	96	115
45254	112	114	99	108	138	131	111	127	130	100	108	119	114	131	127	116	101	100	109	96	114	128	0	128	117	120	104	110	110	118	97	103	125	118	120	122	99	115	109	119	126	117	114	111	114	0	107	128	0	128	0	139	110	118	125	107	102	92	132	119	106	128	101	114	110	114	113	118	104	100	116	93	0	108	122	119	113	114	98	110	107	118	131	114	119	0	103	0	117	129	0	127	117	124	108	118
45309	106	125	99	122	120	110	122	102	126	111	105	111	110	116	103	125	108	131	104	114	110	118	0	100	110	118	118	145	120	116	107	105	116	100	124	111	99	106	123	127	119	100	104	135	127	0	124	111	0	128	0	95	115	104	119	111	103	109	119	109	110	100	112	97	101	138	132	94	134	97	109	129	0	115	104	126	121	110	96	121	100	119	120	118	109	0	127	0	122	104	0	131	104	97	120	110
45372	118	113	102	110	106	110	0	136	99	107	111	0	127	106	124	135	119	126	100	120	125	105	0	0	108	101	113	123	0	117	129	105	107	119	108	134	126	113	133	106	118	113	111	112	114	0	133	107	0	117	0	96	126	110	0	114	109	124	96	111	102	103	108	105	107	135	112	119	104	119	122	118	0	119	125	134	134	125	103	118	106	121	118	111	117	0	111	0	128	127	134	104	106	127	117	125
45467	119	109	118	109	115	70	123	107	124	97	99	111	55	105	0	123	123	108	62	102	116	106	130	113	117	45	106	112	62	0	118	123	117	63	104	127	61	103	90	144	106	128	96	108	104	61	73	117	115	114	96	120	103	125	125	114	127	42	101	111	125	114	50	120	105	110	64	40	142	124	120	108	35	117	114	57	108	113	116	130	68	110	123	112	59	107	59	74	124	53	64	61	102	55	65	104
45468	92	114	113	96	109	123	125	128	134	104	105	113	135	122	113	127	107	109	109	107	119	104	0	111	102	126	97	96	98	110	123	101	120	117	119	119	132	110	116	111	123	104	133	103	97	0	111	102	0	118	0	105	108	99	120	128	96	116	114	128	119	120	114	102	104	125	125	104	117	103	101	127	0	116	119	136	115	116	114	103	110	112	94	117	118	0	110	0	96	97	0	95	132	114	133	98
45556	108	100	132	104	121	126	101	81	119	130	107	152	0	109	0	113	125	129	127	122	111	101	101	112	120	112	96	132	123	0	121	107	105	134	113	98	108	126	105	142	127	105	114	123	117	109	116	108	117	104	116	128	113	123	118	125	124	107	127	128	110	104	107	112	116	113	0	118	136	117	110	127	117	97	128	110	111	123	126	110	125	114	145	112	117	115	120	107	119	119	0	122	120	110	115	116
45666	59	120	75	120	105	52	58	122	50	46	53	0	127	118	72	50	75	110	61	71	115	51	119	134	0	101	102	79	119	111	0	46	0	58	101	120	0	62	57	49	50	121	57	0	113	54	133	59	120	0	120	55	0	120	0	56	127	43	49	0	52	49	63	0	67	0	53	111	53	68	49	111	64	84	130	109	0	100	0	43	114	65	115	128	123	58	108	101	108	60	122	108	140	111	114	60
45670	91	117	131	119	117	101	120	108	129	130	126	0	114	111	0	113	124	109	0	93	104	117	125	108	0	125	114	0	126	128	0	0	0	112	141	118	0	109	0	122	121	112	103	0	100	0	131	94	97	0	99	109	0	0	0	114	108	0	111	0	0	105	0	0	106	0	0	111	0	126	0	101	0	0	0	122	0	106	0	137	110	102	105	100	117	0	109	119	97	110	136	111	115	116	120	0
45711	51	58	95	108	104	106	123	127	84	108	119	81	125	133	26	123	113	110	54	65	108	92	67	63	31	119	62	19	64	109	22	55	34	116	125	128	41	100	85	54	95	72	94	51	65	74	120	79	79	34	83	112	99	123	65	84	131	42	102	38	21	57	97	94	93	26	34	107	53	73	22	64	0	28	63	100	23	78	29	43	77	115	140	94	92	0	50	71	121	60	96	93	83	128	108	90
45713	118	120	140	113	107	125	108	114	120	116	102	119	110	111	117	107	129	113	123	120	117	105	0	114	124	124	125	113	117	106	133	121	101	134	125	133	123	121	119	103	113	100	112	128	128	0	122	119	0	105	0	113	119	120	106	109	122	127	109	108	122	105	121	103	112	112	95	110	113	112	128	115	0	112	125	117	117	125	103	103	109	115	108	122	112	0	135	0	114	122	0	126	92	130	120	112
45821	122	100	121	122	126	0	120	118	143	107	102	129	0	121	0	114	121	117	0	122	107	113	116	118	129	100	113	112	0	0	129	126	112	0	125	113	118	130	108	110	121	128	118	130	117	106	0	131	124	121	116	125	123	126	123	108	102	0	127	120	126	127	112	101	93	120	0	0	119	119	124	126	114	133	118	0	122	113	122	110	0	118	116	91	0	106	0	0	113	120	0	113	115	94	0	92
45829	115	120	96	123	111	87	109	127	118	111	103	102	0	115	0	112	129	111	113	113	111	134	130	119	107	120	102	118	0	120	114	123	124	122	137	121	114	118	123	133	116	108	125	107	125	0	113	102	0	107	0	118	103	112	0	113	106	132	135	100	124	111	132	109	125	121	0	118	103	114	126	95	116	120	117	104	113	113	110	108	117	106	117	104	116	109	106	99	118	106	120	99	125	118	119	109
45832	129	114	105	107	97	148	138	119	122	117	109	64	53	100	57	103	126	119	128	115	125	66	125	133	107	135	102	108	0	50	58	137	135	127	144	101	120	109	64	115	111	103	123	129	118	67	123	117	33	96	0	130	108	116	73	100	109	113	126	33	131	126	127	112	105	109	69	127	60	61	103	123	127	106	128	114	122	116	114	101	99	71	117	124	52	114	121	64	112	60	53	116	115	119	108	131
46011	108	89	130	126	121	111	135	131	112	118	117	112	92	123	0	105	106	102	109	116	134	115	0	124	114	0	116	116	0	143	107	107	131	107	122	129	117	121	103	119	118	100	127	0	0	117	128	110	0	91	0	97	117	120	0	134	126	124	121	115	104	128	141	122	133	115	117	115	105	98	103	123	116	120	115	116	106	111	106	114	116	117	111	115	124	131	117	0	113	119	0	123	111	122	91	117
46020	120	63	116	107	119	111	116	120	65	114	127	68	121	104	51	110	124	106	59	54	113	56	60	67	46	109	113	63	125	120	45	65	37	124	113	126	54	100	107	53	113	68	117	139	51	67	120	51	41	54	50	101	122	55	51	71	94	59	93	49	48	50	120	55	129	49	52	128	77	50	66	106	0	83	63	107	52	49	52	67	130	125	116	114	105	0	116	48	105	122	54	45	112	124	114	135
46056	141	134	109	133	105	112	107	124	118	127	135	117	65	119	65	123	133	108	106	105	116	115	60	125	123	109	118	115	50	127	110	115	109	126	118	110	116	110	112	111	123	107	125	99	117	0	123	104	0	101	0	120	118	109	49	98	140	85	117	117	104	124	136	110	123	104	77	111	107	116	113	120	58	125	114	115	122	101	127	117	123	132	110	124	111	65	123	49	148	107	53	116	118	128	114	120
46134	116	115	115	117	139	124	120	108	138	116	106	105	63	98	74	109	132	113	119	97	129	124	58	124	100	125	107	118	54	122	113	121	131	106	117	115	122	118	118	114	116	127	108	111	123	0	104	121	0	104	0	123	115	108	46	113	114	119	137	113	122	118	109	92	108	130	61	112	101	82	101	129	50	124	115	102	110	104	130	112	108	112	126	136	110	51	116	56	121	128	56	108	127	109	113	111
46170	116	111	110	115	99	98	125	106	107	128	109	0	82	111	0	127	115	121	0	120	96	111	104	125	0	127	136	0	123	97	0	0	0	123	114	110	0	112	0	92	102	116	109	0	110	0	131	96	100	0	100	108	0	133	0	122	110	0	105	0	0	116	0	0	112	0	0	120	0	111	0	124	0	0	119	94	0	116	0	104	122	92	122	117	110	0	119	118	120	111	116	109	117	121	111	0
46185	114	110	111	111	117	140	92	131	108	113	119	112	0	122	0	119	106	123	133	110	128	114	131	126	121	99	114	108	53	38	106	94	110	113	113	124	118	113	130	102	111	112	114	124	98	46	108	116	57	108	61	109	102	120	57	135	113	99	88	130	112	100	116	104	109	121	0	128	122	107	130	99	133	102	100	126	110	100	103	107	116	114	110	114	112	117	112	115	103	109	62	99	105	113	109	124
46206	105	116	122	95	133	110	98	120	123	128	113	114	0	120	0	119	129	124	107	113	133	128	117	112	108	102	117	133	122	0	131	113	116	105	126	112	117	121	106	116	104	97	135	145	94	111	105	114	133	124	129	100	101	123	117	116	103	110	113	120	111	105	127	128	111	114	0	119	115	129	120	115	122	132	118	126	111	117	123	108	106	130	105	98	106	132	110	105	116	109	0	120	115	102	126	109
46212	93	104	109	121	120	119	124	124	114	127	108	103	100	121	119	114	92	111	111	138	116	111	0	97	111	129	106	124	119	103	108	119	95	117	114	121	97	94	128	109	105	109	113	127	125	0	133	125	0	128	0	119	97	133	116	110	105	107	104	152	101	110	120	92	114	112	115	117	120	130	118	97	0	110	117	103	121	97	127	117	122	108	135	115	129	0	121	0	112	114	0	121	103	126	98	117
46216	0	87	0	100	111	0	0	120	0	0	0	0	113	153	115	0	0	114	118	0	104	0	111	117	0	111	113	105	95	125	0	126	0	0	101	90	0	0	93	0	0	118	0	0	103	122	103	0	123	0	144	0	0	112	0	0	119	113	0	0	121	0	136	0	0	0	97	119	114	0	109	133	104	116	103	121	0	120	0	0	130	0	115	114	95	100	102	109	99	0	114	123	116	113	125	103
46266	56	101	58	123	117	64	83	129	133	56	47	0	117	52	43	59	56	108	74	53	112	62	114	109	0	109	105	56	120	103	0	56	0	63	113	108	0	69	60	72	65	97	65	54	119	63	103	43	105	0	101	44	0	137	0	59	88	58	61	0	67	64	62	0	63	0	70	108	58	60	58	112	51	62	121	110	0	102	0	46	100	58	109	118	123	58	115	108	115	67	113	109	98	125	114	53
46267	115	94	129	101	101	80	39	119	129	108	102	82	82	108	31	125	115	102	50	97	118	71	31	40	117	114	105	94	0	40	62	114	100	94	118	123	98	120	118	125	111	109	108	112	130	34	46	123	74	110	47	131	116	110	71	120	123	108	116	101	122	64	108	104	117	95	76	67	90	118	113	112	33	110	103	64	122	116	113	122	74	123	118	118	64	88	91	53	117	121	70	129	112	121	72	122
46310	101	106	119	118	100	108	0	123	131	123	112	0	115	121	120	124	111	117	132	93	110	103	0	0	118	133	107	115	0	122	102	127	101	99	114	123	121	125	106	108	115	105	131	123	113	0	125	118	0	124	0	119	116	119	0	114	114	117	111	116	112	124	112	112	121	124	138	122	127	112	116	111	0	126	133	116	107	107	103	111	128	110	110	127	117	0	108	0	135	102	111	107	124	105	102	137
46326	97	123	112	127	115	0	0	0	0	108	126	100	0	105	116	101	94	125	0	0	115	118	107	123	0	0	133	130	0	0	104	115	137	0	109	109	0	110	122	103	120	122	108	0	105	0	0	106	89	108	0	131	112	0	0	111	128	0	107	125	91	105	0	129	107	115	0	0	122	0	108	133	0	119	134	0	125	117	108	124	0	120	0	0	0	132	0	118	104	123	107	0	112	0	0	102
46334	126	102	99	116	114	124	115	114	113	119	113	132	0	105	0	113	133	106	120	123	108	106	119	118	118	107	106	131	91	0	130	103	122	118	120	100	105	121	128	103	127	123	107	115	115	119	131	115	94	111	123	110	118	95	123	132	138	110	122	119	98	121	127	120	116	110	0	147	127	129	116	94	113	106	145	103	129	133	128	136	111	111	117	119	124	115	126	119	125	112	0	133	124	113	118	116
46405	135	117	88	126	103	125	114	126	101	99	122	114	0	91	0	130	100	134	107	120	93	126	94	102	120	127	103	127	0	113	111	98	141	123	115	109	121	121	112	117	131	114	121	119	111	0	122	131	0	119	0	153	112	118	0	113	104	95	137	106	120	103	103	102	130	119	0	107	122	104	103	109	112	112	101	113	106	106	112	113	104	119	99	118	117	130	110	121	108	104	125	113	114	127	105	113
46488	112	108	113	115	121	0	127	109	112	107	115	102	0	121	0	110	114	139	114	114	109	110	0	0	121	130	108	125	0	0	113	115	114	112	123	121	100	108	117	109	118	118	116	102	105	110	125	106	137	134	103	118	94	134	90	118	109	118	120	113	114	121	127	115	98	120	0	80	103	109	111	114	121	125	114	123	104	102	114	127	111	111	123	119	122	87	116	123	105	120	114	120	131	125	111	107
46513	109	128	108	113	118	105	107	92	116	115	100	109	109	124	100	116	126	111	109	110	126	117	0	98	108	135	127	95	90	107	121	119	131	114	115	125	127	102	107	103	111	109	85	111	129	0	103	126	0	121	0	126	123	113	125	109	122	108	94	100	129	116	122	129	119	107	117	135	116	94	113	114	0	97	110	111	117	142	121	94	141	107	118	131	105	0	117	0	113	121	0	130	125	142	108	124
46539	29	40	89	125	124	118	117	124	91	130	116	99	133	122	0	104	119	132	27	0	72	78	110	33	0	120	32	0	43	133	0	81	0	138	116	105	0	128	77	29	65	66	98	39	41	77	124	76	115	0	112	79	59	95	38	79	122	33	116	0	0	28	70	75	131	0	0	134	30	39	0	32	45	0	44	101	0	54	0	48	86	113	107	59	138	37	38	128	133	30	104	85	65	121	124	79
46551	37	64	58	109	131	99	84	129	79	106	123	45	117	124	0	117	120	118	33	39	113	84	128	39	0	116	42	0	76	128	42	39	0	74	112	115	0	109	70	32	58	106	98	0	30	64	136	86	105	0	123	110	31	116	0	80	112	50	95	0	0	53	89	42	63	0	30	125	40	40	0	88	46	0	34	128	52	100	0	43	67	67	115	112	115	33	31	101	121	42	101	58	114	118	138	56
46556	128	110	117	128	98	131	90	125	108	122	128	128	0	114	0	110	110	109	114	111	143	114	110	112	125	106	112	111	135	0	121	118	131	111	111	106	105	96	112	108	127	128	112	118	102	128	113	108	127	128	114	120	119	126	114	116	108	113	101	120	111	120	95	110	105	119	0	105	126	127	109	115	115	122	95	114	127	110	126	123	125	116	108	124	114	110	110	112	110	120	0	109	130	104	129	101
46576	104	127	114	116	110	109	0	111	114	107	119	0	108	101	114	102	123	120	140	105	124	119	0	0	120	118	121	123	0	117	108	130	117	98	122	122	120	141	122	119	117	126	122	139	113	0	123	92	0	91	0	119	121	111	0	125	107	132	122	116	129	121	117	111	124	133	128	109	106	103	106	113	0	107	108	114	114	92	113	107	111	91	108	104	127	0	111	0	120	95	117	103	116	120	110	119
46581	121	115	117	117	113	89	124	112	97	115	106	96	63	110	46	103	128	102	85	119	139	114	80	115	100	76	96	116	30	70	111	115	123	89	116	132	81	123	116	93	124	105	89	124	133	0	80	115	27	107	39	137	138	101	83	100	118	84	103	102	104	120	94	121	122	128	84	67	113	107	91	109	38	151	101	92	94	117	133	109	75	108	121	112	107	75	79	33	120	78	105	77	115	92	68	128
46608	112	108	132	106	101	101	120	118	137	130	123	125	0	132	0	104	138	113	105	107	99	121	108	120	100	101	116	114	130	0	120	111	113	105	135	105	114	114	118	102	134	127	114	112	110	105	126	113	115	105	127	112	109	119	112	122	130	111	123	122	115	110	107	120	126	116	0	109	98	130	107	112	128	110	115	122	116	120	99	116	110	112	107	116	115	122	107	121	117	99	0	122	118	123	116	105
46682	60	54	121	124	121	112	118	125	120	97	110	47	102	129	0	105	121	101	0	42	129	128	103	59	0	140	51	0	49	117	0	0	0	124	110	116	0	101	67	52	89	110	110	0	55	54	104	107	125	0	128	105	66	51	0	113	117	0	96	0	0	62	45	59	121	0	0	104	0	57	0	55	0	0	0	120	0	129	0	62	105	112	121	120	114	0	54	119	113	50	110	111	125	114	121	56
46705	99	124	112	108	108	0	119	134	110	122	120	121	0	113	0	89	120	122	0	114	121	119	109	129	111	101	116	101	0	0	120	113	117	0	121	102	121	129	127	110	116	103	122	111	97	116	0	131	115	114	109	124	113	126	124	105	98	0	106	105	126	106	122	112	127	130	0	0	121	110	121	117	126	117	106	0	116	118	111	120	0	108	123	119	0	127	0	0	131	122	0	123	113	124	0	101
46726	105	110	125	114	102	116	121	106	123	115	101	118	61	115	43	95	121	127	122	106	120	107	67	113	100	95	122	131	129	60	108	129	109	112	113	113	109	120	113	120	111	96	98	116	129	43	111	110	59	105	46	117	105	138	103	132	119	102	141	118	130	92	102	109	103	106	67	121	115	115	112	105	53	111	113	133	124	110	90	113	108	116	112	113	121	70	105	71	135	123	0	120	110	103	103	116
46727	114	121	82	82	73	45	107	129	101	92	108	80	59	107	33	63	88	89	47	107	106	80	82	72	85	78	111	84	67	99	77	81	72	55	62	84	47	130	101	88	131	125	105	82	107	62	100	116	74	55	80	61	58	89	68	94	90	62	80	75	103	109	105	110	124	100	32	83	109	92	101	82	82	109	92	96	74	89	95	71	113	89	92	87	78	107	109	67	82	99	76	80	92	105	67	89
46806	118	124	127	116	124	0	134	89	120	115	127	109	0	116	0	111	106	109	0	120	139	116	95	115	111	135	124	107	0	0	99	104	96	0	119	108	138	129	130	129	101	113	136	106	121	112	0	121	136	111	122	120	101	95	129	103	104	0	108	117	128	113	106	112	106	115	0	0	125	125	139	107	98	122	108	0	114	108	113	109	0	129	104	106	0	102	0	0	110	100	0	104	115	108	0	105
46809	114	99	102	145	116	141	130	111	108	118	116	129	50	105	0	110	122	124	93	106	114	108	51	105	123	59	123	116	48	49	99	121	130	102	104	127	121	111	105	113	126	120	117	58	53	115	120	101	59	123	62	109	83	116	61	110	111	120	136	101	127	113	110	137	95	121	65	114	136	115	116	119	121	101	124	122	134	102	118	131	109	117	126	124	120	110	113	61	105	100	0	123	101	121	116	109
46879	110	114	125	120	93	56	62	119	121	125	113	71	55	96	62	114	107	114	115	118	126	95	0	67	99	133	117	57	44	59	119	118	106	120	106	110	108	101	51	124	140	120	90	128	118	53	126	106	48	112	51	101	109	124	67	79	102	108	104	60	116	107	111	111	108	115	59	105	108	53	115	97	69	126	100	126	143	116	123	123	116	115	102	129	118	67	120	63	107	115	64	121	131	113	133	99
46887	116	0	0	112	0	0	123	0	112	0	0	104	123	0	108	0	0	0	116	0	0	0	92	0	0	112	0	124	120	155	125	109	134	0	0	0	0	0	0	0	0	0	121	0	124	107	119	111	0	0	111	111	0	0	0	124	124	126	0	0	96	99	107	0	0	109	122	101	125	0	0	0	0	103	0	0	102	0	113	0	0	0	134	143	0	0	0	113	0	118	107	120	114	105	0	112
46909	131	114	108	113	115	121	112	129	130	116	119	0	131	108	115	140	119	133	141	103	106	134	110	120	111	112	111	132	142	106	131	121	119	107	121	104	124	130	91	110	121	104	128	112	118	93	105	105	0	106	119	121	119	89	125	139	123	113	107	117	104	100	102	115	126	115	121	121	101	107	106	103	107	114	115	131	106	107	109	129	128	130	115	104	0	109	120	0	117	95	118	111	108	126	118	132
46923	117	130	0	120	107	0	0	106	110	0	0	0	100	132	107	0	0	0	98	0	120	0	143	101	0	112	132	122	109	140	0	113	0	0	121	135	0	0	110	0	0	116	0	131	124	116	117	0	113	0	108	0	0	111	0	0	109	116	0	0	109	0	116	0	0	0	121	116	116	0	112	105	126	111	109	122	0	121	0	0	118	0	120	135	106	119	128	110	105	0	109	103	95	96	105	122
47009	115	103	120	113	119	120	122	122	127	118	120	124	0	101	0	117	107	119	113	126	117	105	100	117	108	109	128	114	139	0	123	102	131	103	127	109	117	114	112	106	110	121	126	126	112	94	110	108	117	94	122	116	120	107	114	117	109	117	120	108	106	98	119	107	111	113	0	106	125	107	114	141	106	108	113	114	115	118	115	124	101	107	109	107	116	127	118	121	128	98	0	112	117	101	123	106
47013	113	57	101	80	128	94	123	126	38	134	128	45	94	115	0	119	127	117	22	88	112	56	115	60	16	121	114	16	75	120	19	20	60	83	118	117	25	108	49	77	118	67	114	79	58	57	99	20	87	20	93	116	39	43	0	79	130	58	87	24	50	74	55	18	101	23	0	121	22	32	18	136	28	63	27	117	15	65	22	77	117	124	115	125	140	26	102	113	103	68	110	39	118	122	116	68
47065	110	111	126	118	111	119	114	123	92	116	124	103	0	102	0	105	136	126	126	124	90	110	113	108	113	113	127	123	57	41	116	106	125	131	112	120	113	119	109	136	114	120	97	127	95	45	126	124	56	129	69	119	105	106	45	110	108	122	122	129	103	101	116	106	103	118	0	112	116	143	118	124	112	111	115	105	125	132	120	105	121	133	117	116	133	108	115	112	112	119	77	102	119	122	111	118
47085	0	108	0	125	107	0	107	0	0	0	125	117	0	0	115	122	0	104	125	112	100	109	0	139	124	0	0	103	0	105	126	0	0	0	0	114	0	112	125	126	110	118	92	0	0	118	112	125	0	136	0	116	122	0	127	0	114	0	108	0	109	0	117	108	123	110	115	0	0	102	127	0	0	0	0	0	89	0	0	0	0	121	106	105	112	119	113	112	0	103	0	0	0	129	110	114
47118	121	119	129	110	134	120	103	109	126	90	102	91	135	118	56	104	118	111	126	106	100	104	0	110	143	57	123	120	45	128	99	110	108	116	110	121	117	93	118	104	104	111	134	69	40	47	86	99	0	124	0	119	128	128	67	107	122	129	127	109	130	115	117	102	121	124	111	107	110	120	105	113	56	130	121	120	110	115	109	108	103	129	113	120	122	58	106	0	109	106	0	107	127	102	135	103
47137	126	125	54	53	53	47	68	112	57	47	59	61	113	120	113	66	59	39	49	130	116	67	58	120	63	108	115	130	113	118	68	130	57	53	78	43	49	111	125	59	108	108	129	131	112	61	121	132	64	63	48	50	62	46	139	109	44	94	48	52	88	107	127	101	87	121	125	108	132	64	110	106	60	100	66	113	63	57	106	51	105	44	69	50	103	62	100	46	55	59	46	63	59	106	47	102
47163	110	121	99	121	139	118	57	117	115	121	117	45	58	110	61	107	124	111	123	114	116	110	62	72	118	97	141	116	0	115	122	119	125	108	125	102	113	108	120	114	124	94	124	119	111	0	96	120	0	123	0	127	125	110	0	96	123	123	119	131	140	114	103	126	127	107	54	126	128	118	107	125	55	138	117	121	123	109	111	140	98	104	122	112	107	58	132	70	91	116	108	137	124	123	126	107
47237	97	132	48	26	54	38	46	123	50	39	59	65	99	125	64	37	39	40	43	116	87	56	76	72	54	94	131	107	89	116	60	140	59	48	46	56	20	114	76	61	109	115	122	107	88	96	104	106	102	50	74	44	38	77	92	122	54	82	57	54	108	103	112	116	92	126	74	111	80	23	86	115	111	116	32	114	49	45	128	53	107	36	63	33	109	93	117	86	33	37	61	48	46	137	52	122
47309	91	101	68	69	54	50	50	102	53	64	54	50	47	118	51	58	66	63	36	124	107	65	120	138	58	99	120	122	121	55	61	100	61	54	69	34	43	122	111	52	130	98	120	101	118	119	109	109	106	51	113	60	77	55	96	107	55	131	50	70	101	120	94	128	128	94	47	116	127	56	115	116	100	132	60	122	53	59	122	61	119	48	51	57	119	111	124	136	51	57	69	60	65	117	48	102
47316	115	103	121	111	114	89	115	119	118	123	108	108	26	112	0	114	135	122	106	105	107	89	108	107	115	105	133	119	65	19	131	119	118	92	133	111	83	110	124	111	94	118	118	105	107	76	76	123	95	115	78	101	120	106	118	125	124	83	120	135	117	113	96	110	124	115	19	110	104	121	108	101	82	108	131	94	97	106	125	111	112	111	97	117	92	115	103	101	104	99	49	84	124	83	80	129
47366	130	101	132	122	124	94	115	115	111	114	104	130	0	121	0	120	100	125	142	128	107	93	130	116	117	108	105	98	0	114	116	113	118	122	106	117	108	109	114	136	102	99	100	84	113	0	110	122	0	127	0	116	98	117	0	105	98	119	106	129	108	134	139	118	106	90	0	123	132	125	123	117	125	112	117	88	126	104	120	126	120	119	113	132	119	114	118	96	108	120	127	107	124	117	103	113
47384	122	115	115	108	103	102	95	104	109	107	107	113	30	105	27	116	135	97	96	116	118	116	45	112	128	128	102	106	74	57	126	132	121	91	102	115	121	119	93	109	101	127	116	119	121	58	97	119	64	114	38	101	122	126	69	111	119	102	127	101	130	121	136	116	109	119	42	102	111	112	105	122	83	110	120	105	141	136	138	103	109	126	118	110	84	73	118	53	98	131	33	107	115	123	88	105
47395	88	119	20	111	123	27	20	58	112	20	29	34	44	122	93	35	26	63	98	27	120	22	101	128	22	119	122	129	110	78	23	111	39	26	99	110	27	62	94	23	31	115	61	81	122	123	95	50	108	28	122	26	37	104	39	28	125	117	24	34	108	25	120	28	25	35	110	121	126	31	116	127	119	107	104	117	24	132	28	30	142	33	95	115	121	113	117	122	103	25	69	114	125	75	126	127
47434	81	52	87	107	115	95	120	124	71	118	94	56	94	97	0	109	127	114	9	60	124	85	127	61	15	115	77	16	70	117	18	24	18	87	105	115	20	118	83	55	93	104	107	43	75	68	89	84	120	11	107	118	60	108	36	68	98	13	118	15	15	65	83	56	116	13	0	93	35	76	15	63	9	17	74	89	13	77	15	68	92	122	113	97	85	13	63	83	120	84	109	98	113	106	104	72
47452	126	123	114	134	121	112	122	112	125	135	126	132	37	116	37	122	125	105	112	110	126	117	76	120	121	125	102	108	85	81	114	120	106	97	116	127	120	96	100	104	99	139	108	129	99	34	99	113	33	116	37	102	112	128	94	117	101	103	105	116	100	128	117	122	120	132	40	120	100	113	123	118	67	115	128	109	134	121	117	115	129	110	121	121	125	73	101	91	125	117	39	100	103	131	117	116
47477	131	107	56	14	47	56	64	126	40	43	79	0	98	97	48	42	81	50	0	96	110	36	142	87	0	113	119	60	118	110	0	68	0	41	51	36	0	127	88	30	110	89	117	89	103	74	107	44	111	0	113	60	30	63	68	105	55	47	50	0	64	107	62	46	104	71	51	104	62	27	76	120	76	50	41	114	0	40	71	25	130	41	51	60	110	71	118	114	51	16	130	32	48	106	43	76
47478	106	73	113	121	127	122	85	116	112	110	112	109	68	110	30	117	114	113	130	110	115	81	38	75	123	95	116	73	46	61	57	96	129	97	120	122	90	90	107	108	95	111	120	114	105	0	80	135	36	105	0	112	108	95	70	116	106	119	111	115	129	91	121	98	113	110	63	111	41	98	137	122	36	94	100	115	117	93	110	121	110	119	122	127	137	62	107	72	116	117	69	106	121	136	117	128
47490	110	64	125	58	121	123	119	128	45	109	126	0	123	118	0	129	106	116	0	72	126	62	109	50	0	110	129	0	114	119	0	0	0	138	116	121	0	127	57	58	124	68	112	72	44	47	142	0	113	0	116	99	56	42	0	48	111	0	108	0	0	54	48	0	114	0	0	116	0	56	0	135	0	0	51	110	0	62	0	64	108	103	113	105	110	0	126	121	113	59	111	58	111	116	116	63
47524	54	104	68	112	107	122	93	127	70	108	122	32	117	103	0	101	134	124	25	49	99	70	117	53	0	106	57	0	78	111	24	32	0	73	118	105	0	112	50	60	90	95	112	0	67	54	114	64	115	0	103	115	35	78	0	95	124	24	107	0	0	60	78	21	101	0	33	101	32	48	0	87	30	0	28	109	29	108	0	51	56	85	113	133	121	24	71	122	97	54	120	86	146	120	115	81
47540	115	94	136	110	101	111	122	114	101	126	121	128	127	106	109	134	132	108	120	120	135	115	0	123	111	108	112	109	120	114	122	108	108	105	118	122	113	116	126	112	97	114	117	119	112	0	114	116	0	117	0	122	123	128	119	107	95	133	119	105	151	92	101	138	111	111	100	104	112	115	100	106	0	99	95	131	118	111	127	114	122	100	110	108	119	0	114	0	130	116	0	108	111	115	117	126
47562	123	120	118	104	115	64	80	121	126	115	114	95	63	122	0	115	98	119	88	135	107	104	99	126	103	97	117	105	0	65	73	127	128	101	131	134	99	119	111	114	132	110	105	130	109	17	96	89	34	98	37	122	133	103	24	120	113	85	142	114	117	111	92	121	121	111	50	81	85	104	124	101	50	109	115	102	112	114	105	113	102	127	126	100	42	121	97	71	127	89	106	63	126	95	99	124
47584	37	40	108	124	121	107	116	103	62	113	88	122	116	128	0	115	119	125	32	24	87	102	94	70	0	124	41	0	44	116	0	35	25	124	123	108	0	112	52	40	104	82	121	23	53	68	104	76	128	0	122	104	72	120	11	80	117	25	122	0	0	37	76	53	105	0	0	91	25	19	0	46	15	23	19	108	0	66	0	43	80	116	105	87	109	17	51	119	119	24	121	71	77	112	122	41
47587	74	111	0	30	40	0	0	114	28	0	36	0	97	74	125	0	36	24	32	109	86	0	130	120	0	114	126	120	108	119	0	112	0	0	32	33	0	71	124	0	106	118	95	121	56	118	112	86	107	0	113	0	0	89	80	99	29	100	0	0	110	77	96	60	100	81	114	116	113	0	134	120	127	113	102	117	0	27	73	0	114	0	29	29	116	90	94	122	28	0	131	34	30	115	33	117
47609	122	112	0	110	0	133	99	0	102	126	120	107	0	0	0	103	0	113	109	110	0	120	112	0	0	0	0	0	100	0	0	109	120	110	0	0	106	121	0	0	136	0	0	128	111	128	0	0	0	0	0	122	106	111	99	104	118	101	0	0	125	0	0	0	0	0	0	0	99	119	0	0	0	0	0	104	0	104	104	110	0	0	116	111	117	0	0	0	0	0	101	0	118	0	0	0
47621	84	116	0	112	116	0	0	133	45	0	0	0	110	116	103	0	0	39	109	0	114	0	114	109	0	123	109	129	116	115	0	108	0	0	115	119	0	0	108	0	0	121	0	68	104	131	116	0	104	0	127	0	0	130	0	0	107	115	0	0	116	0	125	0	0	0	101	120	110	0	115	126	138	124	125	113	0	98	0	0	119	0	91	119	117	107	102	99	129	0	130	125	121	125	120	119
47633	104	94	127	121	104	131	113	127	114	134	104	118	0	123	0	124	108	100	91	114	110	113	101	104	107	107	118	107	0	129	108	124	109	108	100	108	110	119	118	114	124	124	133	120	113	0	118	117	0	101	0	127	113	113	0	100	119	131	105	116	107	108	115	115	111	123	0	93	110	110	104	125	126	113	122	122	126	114	126	108	129	105	109	125	100	125	110	131	103	123	112	113	100	101	110	123
47646	93	96	36	118	111	94	38	99	85	96	36	40	68	121	108	33	37	69	131	42	124	49	104	82	78	131	127	132	114	82	100	69	43	38	120	102	46	73	112	31	41	74	34	92	121	127	92	84	137	36	123	41	30	110	36	32	116	110	31	53	90	46	109	35	41	39	71	109	103	65	133	109	103	138	140	112	40	117	42	30	114	45	104	110	124	115	99	106	104	37	38	83	104	130	105	93
47650	49	69	134	123	143	132	116	106	102	122	122	127	131	121	0	121	106	106	0	0	56	101	109	57	0	110	58	0	47	129	0	65	0	116	114	121	0	114	65	71	93	117	121	0	41	66	119	109	113	0	127	54	58	112	0	99	115	0	110	0	0	47	51	61	107	0	0	119	0	58	0	51	77	0	49	132	0	114	0	69	110	130	116	104	120	49	52	121	106	71	106	108	134	130	112	62
47733	125	126	17	117	124	19	23	114	76	94	18	26	99	97	79	26	12	24	112	19	106	20	112	118	58	111	91	99	106	71	20	113	23	24	133	114	20	20	106	17	34	116	65	108	122	115	93	26	122	15	127	28	27	127	28	33	129	95	25	25	106	23	105	26	28	17	78	104	123	19	127	108	137	124	104	112	26	117	27	31	118	24	108	120	117	110	119	113	143	27	77	121	119	73	83	111
47771	109	108	98	126	105	134	76	128	128	110	125	69	44	95	52	120	106	99	103	117	105	103	88	80	104	95	110	120	0	126	108	127	144	115	107	123	143	103	111	125	104	112	126	99	107	0	116	101	0	108	0	113	119	137	0	94	116	111	104	103	114	132	110	116	117	123	40	106	104	134	123	110	73	106	116	104	135	118	116	106	104	97	127	110	100	73	120	88	116	126	116	109	110	96	111	112
47810	66	0	63	104	129	99	121	117	0	104	111	49	104	119	0	115	143	119	55	0	109	0	122	0	0	134	70	0	48	109	0	57	0	115	132	113	0	120	104	0	46	0	101	116	0	114	98	0	108	0	105	121	131	73	43	0	104	52	112	0	0	0	118	58	131	0	0	97	55	0	0	67	0	0	0	113	0	0	0	0	64	115	106	61	118	0	54	120	103	54	121	0	43	139	122	114
47867	118	81	96	126	95	54	88	97	115	98	78	122	83	102	78	121	108	94	104	101	114	67	48	99	101	83	99	89	97	40	94	129	126	76	96	92	83	86	72	110	88	121	108	95	132	40	44	115	54	91	50	95	102	93	89	116	100	97	93	104	91	117	86	92	85	103	99	93	87	88	80	106	19	110	73	87	115	97	139	95	50	97	98	110	78	59	64	61	96	91	90	88	116	65	77	106
47910	121	111	65	61	57	48	79	125	69	54	98	56	60	119	61	67	61	63	52	117	104	63	103	112	45	128	115	126	110	74	54	113	47	62	45	51	52	114	116	54	127	100	127	97	118	105	115	114	112	60	107	51	65	124	103	124	43	98	81	52	101	130	122	112	110	109	51	115	134	58	124	97	113	111	92	110	41	57	120	54	107	54	58	46	115	131	116	102	57	52	53	66	64	124	65	107
47965	107	99	107	128	124	77	139	124	122	126	127	93	0	108	0	110	103	88	64	106	115	97	119	108	120	117	117	129	0	66	134	115	117	98	119	120	100	120	110	114	132	117	113	114	105	40	74	113	50	130	34	128	132	99	39	109	97	98	104	109	124	125	122	126	111	116	0	74	97	104	122	100	117	102	100	101	134	128	134	119	86	113	114	119	95	101	75	94	111	100	59	132	116	113	63	117
47993	114	99	0	0	0	0	0	96	0	0	22	37	123	93	116	0	18	0	0	137	44	0	108	117	0	115	116	119	120	116	0	113	0	0	0	0	0	104	91	0	97	116	113	104	50	110	126	128	113	0	111	0	0	49	112	113	0	82	0	0	105	110	128	120	114	121	120	110	130	0	127	97	113	121	46	120	0	0	112	0	121	0	0	0	119	116	114	121	0	0	107	0	0	132	0	118
48001	109	78	126	103	117	114	88	106	111	114	128	115	33	126	24	99	116	120	115	109	129	72	59	77	125	118	118	84	49	26	62	123	124	131	108	126	107	113	101	114	99	125	136	113	112	66	100	121	83	113	57	114	111	103	85	105	110	113	130	117	106	85	124	127	112	109	21	135	70	112	110	92	125	142	119	104	121	118	120	125	99	96	122	103	78	103	122	86	114	88	38	118	114	108	124	131
48010	122	94	17	28	11	41	29	84	20	48	44	66	69	121	94	27	19	29	29	128	60	35	115	134	19	88	116	111	94	103	21	120	38	42	11	17	36	119	100	13	108	103	115	99	89	89	89	73	97	16	99	32	21	84	115	113	29	90	16	8	107	104	94	112	112	111	90	121	114	28	118	86	83	99	36	111	12	24	124	39	85	16	43	18	123	92	91	89	12	31	119	15	20	87	33	107
48027	104	111	98	109	117	148	112	120	120	135	116	96	53	98	26	116	98	105	121	120	106	102	70	114	115	82	122	99	37	101	104	112	95	95	128	126	120	133	104	115	99	104	127	89	134	41	111	111	17	108	21	122	119	104	58	109	109	108	114	109	115	102	135	112	119	112	37	104	102	117	99	120	91	118	124	113	124	129	116	120	114	101	96	111	127	81	111	77	114	120	37	131	106	123	112	96
48066	36	111	0	121	128	0	0	106	0	0	0	0	103	119	122	0	0	69	78	39	119	0	120	125	37	123	110	115	101	116	0	72	0	0	72	117	0	0	106	0	52	109	59	39	111	126	119	0	105	0	122	0	0	110	0	32	112	126	0	0	110	0	131	0	42	0	114	115	121	46	145	120	113	107	133	73	0	112	0	0	119	29	97	93	115	111	130	115	108	0	120	119	109	101	57	102
48067	93	114	83	122	128	131	77	125	78	104	142	28	79	118	27	55	78	107	60	106	111	75	130	122	34	116	98	27	61	142	26	55	29	104	107	131	25	114	57	73	96	97	84	17	123	35	108	60	66	25	71	66	30	77	0	89	106	67	78	26	53	75	58	36	84	25	23	100	48	66	57	104	64	60	70	110	27	116	23	70	131	88	139	111	117	69	113	100	84	62	104	109	125	103	116	39
48081	119	130	115	114	100	125	113	121	127	117	103	108	42	108	61	107	129	111	135	120	101	117	84	115	116	120	117	116	122	51	102	111	115	129	116	84	121	88	107	121	103	144	117	117	105	87	128	109	61	101	67	109	131	94	111	129	117	119	127	131	118	92	104	121	121	97	69	112	113	98	123	136	97	127	122	130	127	116	118	107	116	128	138	122	85	84	106	58	119	113	24	114	95	128	127	115
48087	111	127	14	22	17	15	16	123	27	21	97	15	97	111	106	15	68	27	20	113	109	23	88	120	15	114	125	99	96	93	17	100	18	29	17	13	12	120	107	20	122	113	121	118	100	110	111	112	95	22	98	15	25	62	100	109	24	98	19	7	143	120	116	118	115	120	118	110	122	3	121	89	95	120	32	113	22	14	115	19	120	22	21	22	112	96	117	74	25	19	80	20	23	125	19	121
48089	104	136	0	118	121	0	0	100	89	0	0	0	116	89	98	0	0	30	113	0	127	0	115	134	0	103	122	124	116	119	0	128	0	0	96	118	0	0	117	0	0	119	26	96	134	117	127	0	115	0	98	0	0	112	0	0	99	119	0	0	129	0	131	0	0	0	115	118	112	25	122	109	114	121	122	115	0	97	0	0	93	0	108	117	135	104	117	102	108	0	124	121	136	96	116	108
48098	111	130	12	130	100	33	27	116	62	29	28	8	86	62	99	24	9	62	107	16	97	8	104	73	0	95	107	87	106	91	0	114	8	32	107	88	21	36	96	0	9	98	31	118	104	118	80	11	87	0	109	29	23	74	10	10	115	101	12	0	107	0	98	0	16	0	71	94	110	13	69	95	89	131	83	121	0	88	12	0	94	17	104	106	119	131	125	101	118	7	117	80	105	79	113	87
48178	62	114	13	106	100	48	30	87	81	48	38	33	101	31	110	48	27	86	126	45	85	37	97	93	18	75	110	67	80	88	23	102	45	38	99	93	42	45	90	5	36	80	28	45	113	117	72	32	70	13	110	43	48	102	22	32	95	121	19	11	96	14	74	13	11	10	84	90	122	60	106	96	91	81	100	102	18	116	43	31	109	11	98	91	124	69	97	76	117	27	74	58	115	87	106	62
48179	138	133	116	131	117	80	100	101	116	124	116	89	50	101	17	106	111	112	120	106	105	100	61	78	116	79	144	89	40	55	102	124	117	93	110	116	87	88	107	106	89	132	127	99	114	71	110	118	63	111	47	110	122	114	73	116	123	86	108	104	111	116	96	128	124	106	49	91	123	107	115	95	67	124	101	103	130	97	117	108	102	128	116	114	101	87	76	75	112	98	47	125	112	120	98	118
48216	59	115	0	129	106	18	8	100	37	38	23	5	125	81	111	20	18	41	80	8	63	6	112	81	0	105	123	96	121	123	7	113	9	10	118	100	14	35	121	0	15	86	23	68	109	114	86	9	94	0	98	19	6	136	10	7	96	116	6	0	81	0	120	0	0	12	84	99	120	14	90	86	104	119	87	134	7	135	10	10	93	0	105	115	116	110	75	102	93	5	128	128	109	108	89	119
48221	84	61	41	91	50	45	85	41	106	67	64	103	92	56	114	90	57	83	105	78	54	73	44	17	42	85	47	128	90	88	73	107	80	43	50	66	40	74	73	59	66	38	117	40	103	83	120	104	8	83	88	110	63	36	40	101	115	124	41	42	109	81	125	34	36	104	90	128	77	39	70	50	12	88	37	34	121	48	109	39	42	35	113	126	50	30	35	83	55	98	107	111	118	112	40	94
48277	108	127	97	103	110	86	93	105	92	110	132	128	71	123	70	125	109	126	91	119	117	99	57	109	115	85	120	102	73	45	111	101	96	99	128	97	69	109	77	107	126	109	89	110	120	51	89	117	76	113	47	107	134	104	94	112	111	85	133	127	96	110	91	100	108	119	88	90	118	86	113	102	43	113	115	82	110	105	115	105	90	97	103	115	77	73	76	40	114	89	33	88	106	97	64	111
48288	78	116	0	126	89	14	8	79	63	14	13	15	102	84	128	7	0	42	107	17	128	13	113	109	0	117	124	104	115	100	0	116	16	8	113	113	11	20	100	0	12	115	22	86	113	112	79	0	81	0	131	9	8	95	7	18	89	109	0	0	108	0	99	0	0	0	74	108	119	32	121	83	106	89	108	114	0	112	11	0	106	0	103	101	110	102	115	97	114	0	97	90	135	103	128	98
48375	103	134	105	125	108	85	60	111	98	110	114	83	47	131	62	116	97	110	93	97	110	89	82	82	91	81	113	89	24	56	77	118	114	89	113	87	85	103	71	88	109	116	104	116	82	46	84	79	39	109	31	122	119	104	39	85	107	126	103	86	131	101	90	98	128	91	54	116	95	107	82	113	61	79	105	102	111	107	113	104	115	89	93	84	64	75	80	55	112	85	61	71	87	92	101	89
48383	94	104	20	38	33	26	36	92	24	33	53	41	128	116	107	28	33	42	7	91	103	17	127	110	0	108	109	75	84	124	0	104	0	17	23	22	20	96	104	18	110	112	105	92	55	97	106	91	112	8	96	43	8	69	68	87	20	95	9	10	103	97	128	90	108	67	83	112	79	26	97	87	87	82	64	131	14	44	58	4	108	16	29	22	70	77	103	101	23	3	94	20	26	95	18	100
48422	95	58	37	119	54	13	63	17	86	47	59	118	106	49	94	53	45	53	75	32	56	75	79	32	13	57	43	125	85	91	103	88	91	15	48	55	16	57	52	56	66	41	109	0	119	106	91	106	24	58	81	110	70	23	21	99	119	104	45	44	126	116	91	30	38	125	83	122	109	19	47	41	21	134	36	10	119	39	84	39	26	35	79	88	43	43	13	89	32	98	92	93	96	70	18	103
48431	107	117	94	124	118	48	88	80	117	113	114	110	25	118	26	109	124	127	95	109	125	106	81	90	94	107	96	112	25	25	110	105	103	69	131	105	95	113	82	112	96	114	104	92	124	57	99	132	72	131	62	138	117	105	89	106	101	73	114	114	131	134	116	104	102	128	26	90	138	88	102	113	101	109	126	73	100	100	99	120	65	149	100	89	64	92	81	64	115	90	49	97	112	101	87	134
48450	123	123	117	129	119	69	93	131	112	114	109	103	81	115	27	120	107	113	48	121	115	112	70	80	118	80	104	110	21	64	131	118	106	45	126	118	93	137	124	97	134	137	112	89	117	74	68	119	49	111	62	114	108	127	89	126	110	68	123	99	128	117	102	111	122	108	68	61	126	107	125	114	63	115	119	54	114	122	128	110	63	119	117	102	56	112	42	0	118	109	38	104	104	73	42	102
48459	125	111	0	22	30	0	0	118	24	0	0	0	112	102	106	0	0	0	35	83	62	0	124	117	0	104	116	108	111	113	0	118	0	0	27	37	0	99	117	0	70	119	65	111	96	115	83	104	104	0	104	0	0	102	82	67	34	42	0	0	89	52	131	88	90	77	106	119	118	0	102	88	110	128	49	99	0	39	83	0	107	0	34	32	104	128	108	122	35	0	124	39	48	107	35	125
48463	94	53	0	97	20	0	80	39	84	52	41	96	105	21	121	45	0	52	95	38	42	29	97	26	0	83	16	80	117	117	68	96	56	0	7	37	18	22	35	15	59	25	110	33	63	124	107	82	49	44	81	101	14	13	21	71	96	99	0	0	137	47	101	6	39	91	73	121	101	32	34	38	15	80	28	34	95	15	68	0	42	0	112	69	26	44	18	83	8	80	106	84	75	64	13	76
48479	113	132	12	11	0	3	41	97	11	19	50	30	118	83	131	34	11	36	21	102	80	20	114	85	0	113	93	98	100	87	12	106	0	0	13	15	18	116	121	0	130	89	82	94	99	103	113	81	71	17	95	32	5	15	89	96	0	94	7	15	113	98	108	102	79	99	80	128	114	26	105	126	87	70	32	105	26	14	86	0	110	0	10	9	89	101	109	103	11	10	102	0	3	109	26	86
48504	110	106	124	106	106	66	71	111	125	121	112	91	69	121	34	112	111	116	48	103	116	100	53	83	80	86	110	115	7	48	111	116	112	46	105	127	103	126	120	129	105	126	116	79	102	27	50	122	53	109	43	111	134	121	74	113	102	57	119	132	110	83	76	118	124	111	74	53	80	109	101	100	57	114	110	48	108	108	118	130	52	101	89	94	67	104	56	46	110	82	66	85	120	87	52	108
48525	82	39	15	116	42	20	39	51	106	41	20	90	85	52	90	31	22	49	121	48	47	32	81	47	30	114	41	111	124	143	60	88	79	20	33	82	28	25	63	25	35	42	90	49	92	114	107	82	42	30	103	93	32	58	14	87	109	117	19	21	115	77	135	19	34	72	103	99	100	29	54	59	40	103	66	35	102	53	88	17	50	25	107	108	30	49	66	126	55	71	109	106	106	93	57	93
48537	128	65	42	117	45	68	122	48	100	57	83	75	59	39	65	82	51	89	105	100	44	84	101	51	44	83	41	71	93	68	88	104	98	62	40	72	51	86	54	72	57	46	106	58	87	82	79	79	9	68	69	106	73	57	39	95	115	129	41	36	115	74	87	43	31	81	74	83	84	54	54	38	50	119	38	60	66	85	107	45	32	49	135	119	51	66	33	85	53	71	101	76	81	62	41	67
48552	137	50	62	117	36	28	130	46	116	38	46	123	92	38	95	52	44	41	128	54	45	45	105	59	46	79	44	92	78	96	123	119	125	29	39	42	44	39	33	56	52	44	117	32	120	99	106	108	14	55	82	117	52	56	35	125	113	98	39	38	108	109	92	58	45	105	84	115	108	51	44	42	37	121	32	32	125	45	123	42	35	39	126	112	28	30	29	98	34	109	61	127	144	74	34	113
48558	64	119	25	102	107	62	37	102	74	65	62	47	79	84	80	48	27	76	102	61	99	36	93	103	44	65	106	67	82	75	42	101	40	39	94	96	26	49	104	31	30	82	65	59	79	79	80	33	54	22	82	42	31	114	16	38	101	108	39	37	124	21	102	26	31	48	80	88	116	54	106	96	80	99	104	92	44	96	43	24	90	44	113	118	117	109	86	82	122	21	77	95	107	94	84	97
48562	111	117	105	127	90	98	88	109	99	102	132	94	63	123	28	118	128	130	127	117	107	112	45	102	122	93	118	124	32	90	111	112	124	104	122	119	109	111	104	121	122	143	101	101	97	37	87	114	36	111	31	111	101	105	50	105	123	106	105	129	110	123	124	105	113	110	48	85	112	112	104	112	61	103	96	100	96	113	135	102	94	114	119	123	112	52	88	39	105	125	34	122	108	108	97	130
48585	102	97	115	105	104	73	114	141	114	142	124	88	56	110	16	115	129	121	75	107	135	89	106	106	114	104	106	118	33	43	88	116	108	80	100	118	99	115	105	111	112	130	108	120	120	45	103	129	59	103	52	122	118	127	85	137	115	88	116	125	109	101	91	111	131	125	56	94	108	97	97	117	76	134	122	84	121	113	126	119	95	106	101	106	65	97	106	55	117	62	41	73	112	90	74	129
48589	66	109	0	122	125	0	0	114	77	10	0	0	118	77	131	0	0	30	91	11	116	0	115	118	33	123	100	119	108	111	0	83	0	0	97	113	0	0	104	0	19	129	44	128	86	117	95	0	116	0	104	0	0	115	0	12	117	112	0	0	120	0	98	0	6	0	122	105	117	26	116	102	131	116	128	96	0	89	0	0	117	0	121	105	135	111	117	129	128	0	106	114	125	95	122	103
48592	72	18	22	98	29	37	92	34	111	34	77	98	91	30	79	67	31	83	111	67	24	66	82	33	36	59	22	107	115	100	102	121	86	28	23	63	30	31	45	56	41	30	126	18	92	113	116	130	8	67	100	113	77	25	13	106	102	136	24	17	119	91	137	29	20	109	119	114	95	14	63	27	28	116	22	21	97	25	111	18	24	27	99	125	9	42	18	93	19	128	88	113	113	55	22	62
48606	46	133	0	115	104	0	0	134	47	0	0	0	118	78	106	0	0	51	82	23	119	0	110	140	19	136	113	107	115	116	0	113	0	0	91	138	0	0	124	0	19	131	32	93	121	141	130	0	111	0	104	0	0	110	0	12	115	131	0	0	116	0	110	0	13	0	118	121	106	11	105	109	109	117	120	114	0	130	0	0	119	13	114	120	133	109	104	106	136	0	119	108	113	105	101	121
48635	107	61	42	114	51	45	81	51	142	53	37	78	93	44	101	46	47	47	102	47	37	45	77	39	59	78	53	112	93	102	106	115	96	46	44	34	40	41	44	57	36	46	119	21	95	108	104	109	9	39	84	110	46	40	26	97	127	102	40	52	110	98	132	34	37	110	116	112	95	53	41	51	20	106	52	55	126	43	99	42	46	50	123	113	46	27	43	90	59	133	94	111	103	86	45	127
48645	61	102	0	117	97	20	0	111	72	15	18	0	100	49	107	0	0	46	104	17	128	0	92	105	23	128	115	88	130	118	0	87	0	0	109	110	0	29	96	0	0	84	26	96	122	100	108	18	122	0	114	0	0	125	0	0	116	128	0	0	118	0	121	0	0	0	115	110	114	10	127	117	117	114	116	83	0	124	0	0	123	0	109	116	129	121	104	106	115	0	135	133	133	87	88	99
48689	72	111	40	118	116	76	41	112	92	81	76	42	77	132	88	43	25	70	99	76	119	50	120	71	86	106	121	88	110	73	46	73	37	36	113	112	49	69	110	41	49	68	73	87	110	155	87	20	101	33	107	36	38	118	41	36	103	105	39	33	123	35	109	32	29	40	63	114	114	79	143	108	122	122	126	73	43	107	38	34	115	35	118	124	100	108	109	126	111	30	76	118	105	105	71	116
48698	119	118	42	41	43	37	34	110	36	42	50	49	74	125	70	43	59	45	40	134	101	36	109	111	36	90	120	99	95	103	48	93	40	28	34	42	40	111	133	40	117	109	104	103	89	84	117	115	74	35	94	47	43	69	75	115	30	77	24	39	116	101	128	121	114	99	80	122	110	39	133	101	113	111	81	106	47	39	106	45	116	37	48	35	97	117	139	146	30	41	126	47	39	112	37	113
48702	111	110	98	129	117	137	108	121	122	127	112	0	107	105	0	121	126	119	0	114	107	117	106	116	0	103	81	0	122	111	0	0	0	92	118	102	0	100	0	102	97	129	127	0	115	0	119	110	112	0	109	119	0	114	0	111	117	0	123	0	0	104	0	0	105	0	0	110	0	110	0	117	0	0	102	108	0	111	0	122	119	102	127	119	102	0	100	109	105	131	103	134	105	114	120	0
48741	131	139	121	110	110	133	105	123	112	111	113	115	135	113	0	110	139	109	0	0	0	120	134	122	0	100	111	0	122	107	0	108	0	94	116	130	0	122	0	115	100	110	112	0	137	0	104	117	114	0	129	0	0	114	0	124	129	0	110	0	0	112	0	0	102	0	0	117	0	113	0	105	141	0	89	127	0	116	0	126	118	101	122	121	123	123	104	121	101	105	109	132	117	122	124	0
